# N = 988
neuron_id	spike_time_ms
88	15.2
143	15.2
159	15.2
167	15.2
181	15.2
268	15.2
280	15.2
286	15.2
293	15.2
295	15.2
313	15.2
9	15.3
10	15.3
11	15.3
13	15.3
18	15.3
21	15.3
24	15.3
29	15.3
34	15.3
35	15.3
75	15.3
78	15.3
87	15.3
95	15.3
117	15.3
118	15.3
132	15.3
137	15.3
139	15.3
172	15.3
177	15.3
183	15.3
187	15.3
200	15.3
216	15.3
218	15.3
232	15.3
264	15.3
265	15.3
276	15.3
302	15.3
324	15.3
0	15.4
2	15.4
5	15.4
16	15.4
22	15.4
32	15.4
41	15.4
43	15.4
46	15.4
55	15.4
58	15.4
60	15.4
61	15.4
68	15.4
73	15.4
74	15.4
76	15.4
80	15.4
82	15.4
84	15.4
93	15.4
98	15.4
99	15.4
101	15.4
109	15.4
110	15.4
111	15.4
119	15.4
126	15.4
129	15.4
131	15.4
134	15.4
135	15.4
140	15.4
141	15.4
145	15.4
148	15.4
150	15.4
156	15.4
161	15.4
165	15.4
169	15.4
171	15.4
174	15.4
185	15.4
186	15.4
188	15.4
198	15.4
199	15.4
203	15.4
221	15.4
228	15.4
230	15.4
231	15.4
235	15.4
236	15.4
240	15.4
242	15.4
245	15.4
247	15.4
249	15.4
252	15.4
256	15.4
258	15.4
261	15.4
275	15.4
285	15.4
289	15.4
291	15.4
292	15.4
309	15.4
311	15.4
323	15.4
326	15.4
329	15.4
8	15.5
12	15.5
14	15.5
19	15.5
23	15.5
26	15.5
30	15.5
31	15.5
33	15.5
37	15.5
38	15.5
40	15.5
44	15.5
45	15.5
47	15.5
48	15.5
49	15.5
50	15.5
51	15.5
53	15.5
62	15.5
63	15.5
64	15.5
65	15.5
66	15.5
67	15.5
70	15.5
71	15.5
77	15.5
79	15.5
81	15.5
89	15.5
90	15.5
97	15.5
100	15.5
102	15.5
104	15.5
106	15.5
107	15.5
112	15.5
115	15.5
120	15.5
121	15.5
123	15.5
127	15.5
128	15.5
133	15.5
142	15.5
144	15.5
146	15.5
147	15.5
149	15.5
151	15.5
152	15.5
154	15.5
155	15.5
163	15.5
164	15.5
170	15.5
173	15.5
175	15.5
179	15.5
180	15.5
189	15.5
190	15.5
192	15.5
194	15.5
196	15.5
197	15.5
205	15.5
208	15.5
209	15.5
214	15.5
217	15.5
220	15.5
222	15.5
223	15.5
225	15.5
227	15.5
233	15.5
234	15.5
237	15.5
253	15.5
255	15.5
260	15.5
262	15.5
263	15.5
267	15.5
269	15.5
273	15.5
274	15.5
277	15.5
279	15.5
282	15.5
287	15.5
290	15.5
294	15.5
297	15.5
300	15.5
304	15.5
306	15.5
307	15.5
308	15.5
314	15.5
316	15.5
317	15.5
319	15.5
320	15.5
322	15.5
325	15.5
327	15.5
328	15.5
3	15.600000000000001
6	15.600000000000001
7	15.600000000000001
17	15.600000000000001
25	15.600000000000001
27	15.600000000000001
28	15.600000000000001
36	15.600000000000001
42	15.600000000000001
52	15.600000000000001
54	15.600000000000001
56	15.600000000000001
57	15.600000000000001
69	15.600000000000001
72	15.600000000000001
85	15.600000000000001
86	15.600000000000001
92	15.600000000000001
113	15.600000000000001
114	15.600000000000001
116	15.600000000000001
122	15.600000000000001
124	15.600000000000001
125	15.600000000000001
130	15.600000000000001
153	15.600000000000001
157	15.600000000000001
158	15.600000000000001
160	15.600000000000001
162	15.600000000000001
166	15.600000000000001
168	15.600000000000001
176	15.600000000000001
178	15.600000000000001
182	15.600000000000001
184	15.600000000000001
201	15.600000000000001
206	15.600000000000001
207	15.600000000000001
210	15.600000000000001
211	15.600000000000001
213	15.600000000000001
219	15.600000000000001
224	15.600000000000001
226	15.600000000000001
238	15.600000000000001
239	15.600000000000001
241	15.600000000000001
243	15.600000000000001
244	15.600000000000001
246	15.600000000000001
248	15.600000000000001
250	15.600000000000001
254	15.600000000000001
266	15.600000000000001
271	15.600000000000001
278	15.600000000000001
283	15.600000000000001
284	15.600000000000001
288	15.600000000000001
296	15.600000000000001
298	15.600000000000001
299	15.600000000000001
301	15.600000000000001
305	15.600000000000001
310	15.600000000000001
312	15.600000000000001
318	15.600000000000001
321	15.600000000000001
1	15.700000000000001
4	15.700000000000001
15	15.700000000000001
20	15.700000000000001
39	15.700000000000001
59	15.700000000000001
83	15.700000000000001
91	15.700000000000001
94	15.700000000000001
96	15.700000000000001
103	15.700000000000001
105	15.700000000000001
108	15.700000000000001
136	15.700000000000001
138	15.700000000000001
191	15.700000000000001
193	15.700000000000001
195	15.700000000000001
202	15.700000000000001
204	15.700000000000001
212	15.700000000000001
229	15.700000000000001
251	15.700000000000001
257	15.700000000000001
270	15.700000000000001
272	15.700000000000001
281	15.700000000000001
303	15.700000000000001
315	15.700000000000001
215	15.8
259	15.8
587	15.9
764	16.099999999999998
457	16.3
704	16.3
747	16.3
910	16.3
361	16.400000000000002
448	16.400000000000002
603	16.400000000000002
871	16.400000000000002
906	16.400000000000002
934	16.400000000000002
455	16.5
493	16.5
540	16.5
791	16.5
374	16.6
597	16.6
616	16.6
808	16.6
359	16.7
519	16.7
683	16.7
761	16.7
781	16.7
391	16.8
418	16.8
771	16.8
796	16.8
843	16.8
419	16.900000000000002
602	16.900000000000002
917	16.900000000000002
953	16.900000000000002
403	17.0
466	17.0
914	17.0
921	17.0
426	17.1
471	17.1
681	17.1
662	17.2
849	17.2
924	17.2
623	17.3
668	17.3
347	17.400000000000002
390	17.400000000000002
441	17.400000000000002
516	17.400000000000002
672	17.400000000000002
837	17.400000000000002
890	17.400000000000002
950	17.400000000000002
398	17.5
831	17.5
873	17.6
591	17.7
706	17.7
422	17.8
499	17.8
547	17.8
676	17.8
736	17.8
742	17.8
458	17.9
565	17.9
609	17.9
814	17.9
977	17.9
333	18.0
473	18.0
642	18.0
665	18.0
777	18.0
887	18.0
913	18.0
629	18.1
968	18.1
658	18.2
420	18.4
423	18.500000000000004
959	18.500000000000004
373	18.6
442	18.6
620	18.7
632	18.9
748	19.1
340	19.3
558	19.5
531	19.700000000000003
522	19.8
371	20.400000000000002
928	21.1
529	21.2
640	28.200000000000003
351	28.3
615	28.400000000000002
713	28.400000000000002
362	28.5
395	28.5
428	28.5
635	28.5
472	28.6
497	28.6
560	28.6
336	28.8
382	28.8
393	28.8
401	28.8
406	28.8
417	28.8
453	28.8
494	28.8
355	28.900000000000002
375	28.900000000000002
439	28.900000000000002
450	28.900000000000002
468	28.900000000000002
477	28.900000000000002
525	28.900000000000002
648	28.900000000000002
492	29.0
505	29.0
549	29.0
562	29.0
593	29.0
624	29.0
633	29.0
413	29.1
415	29.1
437	29.1
479	29.1
514	29.1
538	29.1
548	29.1
639	29.1
657	29.1
342	29.2
354	29.2
360	29.2
369	29.2
384	29.2
386	29.2
404	29.2
407	29.2
424	29.2
430	29.2
435	29.2
454	29.2
461	29.2
481	29.2
485	29.2
487	29.2
508	29.2
527	29.2
564	29.2
571	29.2
584	29.2
637	29.2
644	29.2
650	29.2
338	29.300000000000004
349	29.300000000000004
363	29.300000000000004
399	29.300000000000004
484	29.300000000000004
495	29.300000000000004
501	29.300000000000004
503	29.300000000000004
536	29.300000000000004
539	29.300000000000004
556	29.300000000000004
569	29.300000000000004
580	29.300000000000004
594	29.300000000000004
622	29.300000000000004
626	29.300000000000004
655	29.300000000000004
335	29.400000000000002
358	29.400000000000002
365	29.400000000000002
380	29.400000000000002
385	29.400000000000002
388	29.400000000000002
397	29.400000000000002
431	29.400000000000002
446	29.400000000000002
464	29.400000000000002
475	29.400000000000002
476	29.400000000000002
483	29.400000000000002
509	29.400000000000002
541	29.400000000000002
559	29.400000000000002
572	29.400000000000002
582	29.400000000000002
585	29.400000000000002
595	29.400000000000002
596	29.400000000000002
600	29.400000000000002
607	29.400000000000002
608	29.400000000000002
610	29.400000000000002
611	29.400000000000002
613	29.400000000000002
619	29.400000000000002
627	29.400000000000002
630	29.400000000000002
641	29.400000000000002
652	29.400000000000002
653	29.400000000000002
331	29.5
343	29.5
344	29.5
364	29.5
366	29.5
376	29.5
377	29.5
402	29.5
459	29.5
465	29.5
506	29.5
512	29.5
515	29.5
523	29.5
534	29.5
537	29.5
550	29.5
573	29.5
574	29.5
583	29.5
589	29.5
604	29.5
618	29.5
625	29.5
646	29.5
332	29.6
346	29.6
353	29.6
357	29.6
368	29.6
379	29.6
387	29.6
408	29.6
410	29.6
443	29.6
451	29.6
460	29.6
467	29.6
474	29.6
496	29.6
504	29.6
518	29.6
542	29.6
545	29.6
551	29.6
552	29.6
553	29.6
555	29.6
561	29.6
575	29.6
577	29.6
586	29.6
592	29.6
654	29.6
412	29.7
432	29.7
440	29.7
452	29.7
463	29.7
470	29.7
482	29.7
486	29.7
490	29.7
498	29.7
507	29.7
511	29.7
520	29.7
544	29.7
563	29.7
576	29.7
578	29.7
621	29.7
631	29.7
330	29.8
352	29.8
367	29.8
409	29.8
411	29.8
416	29.8
429	29.8
445	29.8
456	29.8
478	29.8
517	29.8
526	29.8
554	29.8
566	29.8
606	29.8
638	29.8
649	29.8
341	29.900000000000002
434	29.900000000000002
500	29.900000000000002
533	29.900000000000002
567	29.900000000000002
581	29.900000000000002
588	29.900000000000002
605	29.900000000000002
614	29.900000000000002
617	29.900000000000002
628	29.900000000000002
300	30.0
339	30.0
394	30.0
421	30.0
489	30.0
250	30.1
313	30.1
378	30.1
396	30.1
427	30.1
462	30.1
528	30.1
530	30.1
532	30.1
570	30.1
647	30.1
651	30.1
46	30.2
350	30.2
381	30.2
383	30.2
436	30.2
480	30.2
488	30.2
510	30.2
521	30.2
543	30.2
568	30.2
599	30.2
178	30.3
225	30.3
287	30.3
334	30.3
345	30.3
348	30.3
372	30.3
400	30.3
405	30.3
433	30.3
449	30.3
579	30.3
35	30.4
60	30.4
148	30.4
156	30.4
161	30.4
214	30.4
230	30.4
236	30.4
389	30.4
513	30.4
524	30.4
590	30.4
598	30.4
643	30.4
1	30.500000000000004
5	30.500000000000004
24	30.500000000000004
27	30.500000000000004
37	30.500000000000004
38	30.500000000000004
81	30.500000000000004
97	30.500000000000004
115	30.500000000000004
126	30.500000000000004
159	30.500000000000004
177	30.500000000000004
233	30.500000000000004
244	30.500000000000004
302	30.500000000000004
311	30.500000000000004
315	30.500000000000004
320	30.500000000000004
337	30.500000000000004
356	30.500000000000004
438	30.500000000000004
444	30.500000000000004
447	30.500000000000004
469	30.500000000000004
557	30.500000000000004
612	30.500000000000004
636	30.500000000000004
2	30.6
40	30.6
54	30.6
59	30.6
61	30.6
68	30.6
86	30.6
88	30.6
128	30.6
137	30.6
139	30.6
141	30.6
150	30.6
164	30.6
180	30.6
184	30.6
197	30.6
199	30.6
205	30.6
208	30.6
221	30.6
231	30.6
258	30.6
276	30.6
291	30.6
324	30.6
392	30.6
425	30.6
535	30.6
546	30.6
634	30.6
0	30.7
12	30.7
21	30.7
29	30.7
31	30.7
49	30.7
79	30.7
90	30.7
95	30.7
100	30.7
101	30.7
125	30.7
158	30.7
170	30.7
203	30.7
217	30.7
223	30.7
247	30.7
252	30.7
283	30.7
307	30.7
316	30.7
328	30.7
414	30.7
491	30.7
502	30.7
3	30.8
4	30.8
8	30.8
17	30.8
23	30.8
32	30.8
44	30.8
45	30.8
57	30.8
66	30.8
67	30.8
71	30.8
84	30.8
87	30.8
92	30.8
96	30.8
98	30.8
106	30.8
113	30.8
116	30.8
122	30.8
129	30.8
135	30.8
155	30.8
168	30.8
169	30.8
189	30.8
198	30.8
206	30.8
216	30.8
243	30.8
263	30.8
265	30.8
275	30.8
280	30.8
284	30.8
286	30.8
304	30.8
323	30.8
645	30.8
7	30.9
26	30.9
28	30.9
39	30.9
53	30.9
73	30.9
75	30.9
78	30.9
83	30.9
89	30.9
91	30.9
107	30.9
111	30.9
112	30.9
118	30.9
121	30.9
127	30.9
145	30.9
162	30.9
166	30.9
179	30.9
181	30.9
183	30.9
185	30.9
186	30.9
191	30.9
202	30.9
211	30.9
212	30.9
219	30.9
226	30.9
228	30.9
232	30.9
239	30.9
248	30.9
274	30.9
282	30.9
290	30.9
297	30.9
314	30.9
322	30.9
326	30.9
329	30.9
20	31.0
34	31.0
42	31.0
51	31.0
85	31.0
123	31.0
134	31.0
149	31.0
153	31.0
157	31.0
175	31.0
187	31.0
188	31.0
190	31.0
201	31.0
227	31.0
229	31.0
237	31.0
240	31.0
245	31.0
253	31.0
256	31.0
260	31.0
268	31.0
292	31.0
293	31.0
305	31.0
309	31.0
370	31.0
656	31.0
6	31.1
13	31.1
15	31.1
19	31.1
64	31.1
77	31.1
80	31.1
104	31.1
142	31.1
193	31.1
234	31.1
235	31.1
254	31.1
261	31.1
267	31.1
281	31.1
288	31.1
298	31.1
601	31.1
14	31.200000000000003
30	31.200000000000003
52	31.200000000000003
58	31.200000000000003
63	31.200000000000003
69	31.200000000000003
76	31.200000000000003
102	31.200000000000003
117	31.200000000000003
120	31.200000000000003
124	31.200000000000003
151	31.200000000000003
160	31.200000000000003
172	31.200000000000003
209	31.200000000000003
215	31.200000000000003
224	31.200000000000003
238	31.200000000000003
246	31.200000000000003
255	31.200000000000003
257	31.200000000000003
272	31.200000000000003
278	31.200000000000003
312	31.200000000000003
318	31.200000000000003
319	31.200000000000003
321	31.200000000000003
33	31.3
41	31.3
48	31.3
55	31.3
99	31.3
105	31.3
108	31.3
109	31.3
114	31.3
140	31.3
144	31.3
167	31.3
171	31.3
173	31.3
174	31.3
176	31.3
241	31.3
266	31.3
273	31.3
299	31.3
310	31.3
325	31.3
11	31.400000000000002
47	31.400000000000002
70	31.400000000000002
82	31.400000000000002
93	31.400000000000002
94	31.400000000000002
152	31.400000000000002
196	31.400000000000002
204	31.400000000000002
213	31.400000000000002
218	31.400000000000002
220	31.400000000000002
222	31.400000000000002
262	31.400000000000002
271	31.400000000000002
285	31.400000000000002
16	31.5
18	31.5
36	31.5
43	31.5
110	31.5
133	31.5
136	31.5
182	31.5
251	31.5
264	31.5
296	31.5
143	31.6
154	31.6
163	31.6
207	31.6
269	31.6
301	31.6
317	31.6
56	31.7
119	31.7
131	31.7
192	31.7
200	31.7
270	31.7
279	31.7
289	31.7
308	31.7
9	31.8
72	31.8
130	31.8
147	31.8
165	31.8
294	31.8
602	31.8
103	31.900000000000006
132	31.900000000000006
146	31.900000000000006
194	31.900000000000006
210	31.900000000000006
65	32.0
195	32.0
303	32.0
62	32.1
259	32.1
306	32.1
25	32.199999999999996
74	32.199999999999996
10	32.300000000000004
22	32.300000000000004
390	32.300000000000004
419	32.300000000000004
519	32.300000000000004
50	32.4
295	32.4
138	32.5
448	32.5
249	32.699999999999996
327	32.699999999999996
340	32.699999999999996
347	32.800000000000004
371	32.800000000000004
277	32.9
420	33.0
426	33.0
441	33.0
457	33.0
558	33.1
391	33.4
455	33.4
493	33.4
591	33.4
418	33.5
603	33.6
629	33.6
442	33.7
373	33.9
473	33.9
531	33.9
540	33.9
242	34.0
359	34.099999999999994
466	34.5
516	34.6
398	34.7
597	34.800000000000004
361	35.0
547	35.1
587	35.1
499	35.4
403	35.5
632	35.5
616	36.2
471	36.4
623	36.4
422	36.50000000000001
374	36.6
458	37.1
642	37.2
423	37.4
333	37.6
658	38.1
522	38.2
565	42.9
285	45.8
2	45.900000000000006
230	45.900000000000006
252	45.900000000000006
300	45.900000000000006
26	46.0
35	46.0
46	46.0
75	46.0
113	46.1
141	46.1
150	46.1
164	46.1
177	46.1
197	46.1
208	46.1
225	46.1
274	46.1
276	46.1
5	46.2
31	46.2
59	46.2
92	46.2
98	46.2
106	46.2
131	46.2
139	46.2
142	46.2
157	46.2
205	46.2
216	46.2
241	46.2
243	46.2
293	46.2
318	46.2
4	46.3
24	46.3
68	46.3
71	46.3
84	46.3
161	46.3
175	46.3
180	46.3
183	46.3
185	46.3
199	46.3
219	46.3
223	46.3
236	46.3
238	46.3
245	46.3
271	46.3
273	46.3
307	46.3
313	46.3
1	46.400000000000006
13	46.400000000000006
20	46.400000000000006
21	46.400000000000006
37	46.400000000000006
54	46.400000000000006
57	46.400000000000006
102	46.400000000000006
123	46.400000000000006
128	46.400000000000006
135	46.400000000000006
182	46.400000000000006
194	46.400000000000006
201	46.400000000000006
211	46.400000000000006
302	46.400000000000006
304	46.400000000000006
322	46.400000000000006
329	46.400000000000006
7	46.5
12	46.5
15	46.5
17	46.5
27	46.5
49	46.5
64	46.5
70	46.5
76	46.5
87	46.5
95	46.5
97	46.5
100	46.5
112	46.5
115	46.5
117	46.5
136	46.5
149	46.5
156	46.5
166	46.5
169	46.5
189	46.5
203	46.5
247	46.5
257	46.5
268	46.5
315	46.5
317	46.5
32	46.6
40	46.6
42	46.6
65	46.6
73	46.6
78	46.6
79	46.6
90	46.6
107	46.6
109	46.6
126	46.6
137	46.6
158	46.6
168	46.6
172	46.6
178	46.6
186	46.6
193	46.6
214	46.6
227	46.6
235	46.6
250	46.6
263	46.6
275	46.6
278	46.6
291	46.6
309	46.6
326	46.6
23	46.7
45	46.7
48	46.7
53	46.7
58	46.7
67	46.7
81	46.7
101	46.7
108	46.7
134	46.7
145	46.7
152	46.7
155	46.7
210	46.7
212	46.7
226	46.7
254	46.7
256	46.7
260	46.7
267	46.7
279	46.7
282	46.7
286	46.7
295	46.7
296	46.7
298	46.7
311	46.7
323	46.7
10	46.8
38	46.8
51	46.8
66	46.8
91	46.8
103	46.8
104	46.8
111	46.8
116	46.8
120	46.8
124	46.8
125	46.8
127	46.8
130	46.8
148	46.8
163	46.8
181	46.8
188	46.8
206	46.8
215	46.8
217	46.8
237	46.8
239	46.8
249	46.8
251	46.8
255	46.8
280	46.8
294	46.8
305	46.8
312	46.8
3	46.900000000000006
9	46.900000000000006
60	46.900000000000006
61	46.900000000000006
77	46.900000000000006
86	46.900000000000006
89	46.900000000000006
114	46.900000000000006
119	46.900000000000006
144	46.900000000000006
153	46.900000000000006
159	46.900000000000006
174	46.900000000000006
179	46.900000000000006
190	46.900000000000006
213	46.900000000000006
218	46.900000000000006
221	46.900000000000006
222	46.900000000000006
224	46.900000000000006
246	46.900000000000006
261	46.900000000000006
266	46.900000000000006
269	46.900000000000006
290	46.900000000000006
328	46.900000000000006
28	47.0
39	47.0
69	47.0
80	47.0
88	47.0
121	47.0
129	47.0
160	47.0
171	47.0
187	47.0
191	47.0
204	47.0
228	47.0
234	47.0
240	47.0
265	47.0
272	47.0
283	47.0
284	47.0
288	47.0
308	47.0
316	47.0
324	47.0
325	47.0
6	47.1
30	47.1
44	47.1
56	47.1
83	47.1
94	47.1
132	47.1
133	47.1
196	47.1
229	47.1
231	47.1
232	47.1
233	47.1
244	47.1
248	47.1
258	47.1
259	47.1
289	47.1
292	47.1
297	47.1
310	47.1
320	47.1
0	47.199999999999996
8	47.199999999999996
16	47.199999999999996
63	47.199999999999996
82	47.199999999999996
105	47.199999999999996
110	47.199999999999996
122	47.199999999999996
138	47.199999999999996
162	47.199999999999996
167	47.199999999999996
170	47.199999999999996
184	47.199999999999996
198	47.199999999999996
202	47.199999999999996
281	47.199999999999996
299	47.199999999999996
306	47.199999999999996
22	47.300000000000004
34	47.300000000000004
41	47.300000000000004
52	47.300000000000004
72	47.300000000000004
93	47.300000000000004
96	47.300000000000004
118	47.300000000000004
146	47.300000000000004
209	47.300000000000004
264	47.300000000000004
270	47.300000000000004
287	47.300000000000004
303	47.300000000000004
314	47.300000000000004
319	47.300000000000004
18	47.400000000000006
43	47.400000000000006
99	47.400000000000006
140	47.400000000000006
147	47.400000000000006
176	47.400000000000006
200	47.400000000000006
220	47.400000000000006
262	47.400000000000006
321	47.400000000000006
19	47.5
36	47.5
47	47.5
55	47.5
253	47.5
301	47.5
11	47.6
62	47.6
74	47.6
85	47.6
192	47.6
277	47.6
25	47.699999999999996
33	47.699999999999996
50	47.699999999999996
143	47.699999999999996
154	47.699999999999996
207	47.699999999999996
151	47.800000000000004
29	47.900000000000006
165	47.900000000000006
14	48.0
173	48.0
195	48.1
242	49.4
327	49.800000000000004
530	60.1
399	60.2
619	60.2
366	60.3
413	60.3
508	60.3
520	60.3
542	60.3
552	60.3
630	60.3
424	60.4
468	60.4
355	60.50000000000001
475	60.50000000000001
519	60.50000000000001
564	60.50000000000001
575	60.50000000000001
454	60.6
553	60.6
640	60.6
641	60.6
421	60.7
443	60.7
464	60.7
476	60.7
509	60.7
586	60.7
608	60.7
652	60.7
208	60.8
406	60.8
432	60.8
453	60.8
465	60.8
486	60.8
487	60.8
512	60.8
545	60.8
563	60.8
574	60.8
585	60.8
596	60.8
213	60.9
300	60.9
332	60.9
343	60.9
365	60.9
498	60.9
523	60.9
549	60.9
633	60.9
648	60.9
2	61.00000000000001
20	61.00000000000001
92	61.00000000000001
318	61.00000000000001
354	61.00000000000001
395	61.00000000000001
417	61.00000000000001
431	61.00000000000001
435	61.00000000000001
483	61.00000000000001
538	61.00000000000001
541	61.00000000000001
556	61.00000000000001
560	61.00000000000001
589	61.00000000000001
21	61.1
35	61.1
46	61.1
158	61.1
169	61.1
274	61.1
362	61.1
370	61.1
377	61.1
567	61.1
600	61.1
604	61.1
607	61.1
26	61.2
32	61.2
53	61.2
59	61.2
70	61.2
164	61.2
238	61.2
252	61.2
285	61.2
293	61.2
313	61.2
344	61.2
351	61.2
381	61.2
384	61.2
402	61.2
479	61.2
534	61.2
597	61.2
611	61.2
637	61.2
645	61.2
655	61.2
656	61.2
13	61.3
24	61.3
31	61.3
42	61.3
64	61.3
75	61.3
98	61.3
175	61.3
183	61.3
230	61.3
235	61.3
241	61.3
246	61.3
268	61.3
363	61.3
385	61.3
446	61.3
461	61.3
615	61.3
626	61.3
629	61.3
651	61.3
10	61.4
65	61.4
68	61.4
87	61.4
128	61.4
142	61.4
197	61.4
216	61.4
256	61.4
290	61.4
311	61.4
322	61.4
336	61.4
337	61.4
342	61.4
358	61.4
392	61.4
425	61.4
439	61.4
440	61.4
457	61.4
472	61.4
622	61.4
634	61.4
7	61.50000000000001
48	61.50000000000001
102	61.50000000000001
113	61.50000000000001
135	61.50000000000001
139	61.50000000000001
146	61.50000000000001
201	61.50000000000001
212	61.50000000000001
223	61.50000000000001
234	61.50000000000001
236	61.50000000000001
245	61.50000000000001
271	61.50000000000001
278	61.50000000000001
297	61.50000000000001
304	61.50000000000001
387	61.50000000000001
451	61.50000000000001
484	61.50000000000001
490	61.50000000000001
494	61.50000000000001
501	61.50000000000001
505	61.50000000000001
572	61.50000000000001
576	61.50000000000001
583	61.50000000000001
617	61.50000000000001
779	61.50000000000001
40	61.6
49	61.6
88	61.6
108	61.6
117	61.6
123	61.6
168	61.6
224	61.6
247	61.6
249	61.6
295	61.6
319	61.6
347	61.6
382	61.6
396	61.6
447	61.6
531	61.6
15	61.7
79	61.7
84	61.7
103	61.7
106	61.7
110	61.7
120	61.7
136	61.7
141	61.7
163	61.7
185	61.7
190	61.7
209	61.7
220	61.7
263	61.7
269	61.7
275	61.7
276	61.7
279	61.7
312	61.7
317	61.7
328	61.7
329	61.7
388	61.7
400	61.7
409	61.7
428	61.7
485	61.7
535	61.7
539	61.7
593	61.7
601	61.7
649	61.7
27	61.8
51	61.8
57	61.8
77	61.8
97	61.8
101	61.8
104	61.8
127	61.8
149	61.8
152	61.8
153	61.8
155	61.8
157	61.8
170	61.8
194	61.8
203	61.8
219	61.8
227	61.8
260	61.8
270	61.8
280	61.8
282	61.8
287	61.8
291	61.8
298	61.8
326	61.8
330	61.8
359	61.8
360	61.8
369	61.8
380	61.8
437	61.8
442	61.8
470	61.8
477	61.8
489	61.8
529	61.8
557	61.8
561	61.8
594	61.8
606	61.8
609	61.8
614	61.8
627	61.8
653	61.8
801	61.8
81	61.900000000000006
124	61.900000000000006
137	61.900000000000006
160	61.900000000000006
176	61.900000000000006
180	61.900000000000006
198	61.900000000000006
205	61.900000000000006
214	61.900000000000006
225	61.900000000000006
294	61.900000000000006
296	61.900000000000006
305	61.900000000000006
314	61.900000000000006
331	61.900000000000006
333	61.900000000000006
334	61.900000000000006
374	61.900000000000006
378	61.900000000000006
397	61.900000000000006
403	61.900000000000006
411	61.900000000000006
420	61.900000000000006
450	61.900000000000006
518	61.900000000000006
568	61.900000000000006
570	61.900000000000006
573	61.900000000000006
579	61.900000000000006
584	61.900000000000006
625	61.900000000000006
638	61.900000000000006
6	62.0
39	62.0
45	62.0
61	62.0
72	62.0
86	62.0
114	62.0
121	62.0
130	62.0
156	62.0
159	62.0
174	62.0
178	62.0
179	62.0
187	62.0
191	62.0
192	62.0
217	62.0
257	62.0
261	62.0
367	62.0
391	62.0
404	62.0
452	62.0
492	62.0
507	62.0
644	62.0
18	62.1
50	62.1
69	62.1
94	62.1
145	62.1
151	62.1
154	62.1
177	62.1
181	62.1
188	62.1
193	62.1
199	62.1
210	62.1
240	62.1
264	62.1
283	62.1
284	62.1
301	62.1
303	62.1
315	62.1
414	62.1
430	62.1
445	62.1
488	62.1
496	62.1
503	62.1
511	62.1
517	62.1
532	62.1
533	62.1
536	62.1
551	62.1
562	62.1
569	62.1
605	62.1
610	62.1
612	62.1
620	62.1
639	62.1
657	62.1
1	62.2
16	62.2
23	62.2
29	62.2
67	62.2
82	62.2
99	62.2
132	62.2
133	62.2
148	62.2
206	62.2
233	62.2
251	62.2
258	62.2
265	62.2
281	62.2
341	62.2
349	62.2
353	62.2
408	62.2
415	62.2
418	62.2
434	62.2
436	62.2
480	62.2
481	62.2
502	62.2
513	62.2
526	62.2
543	62.2
582	62.2
598	62.2
599	62.2
618	62.2
650	62.2
36	62.3
43	62.3
58	62.3
93	62.3
105	62.3
129	62.3
184	62.3
204	62.3
239	62.3
259	62.3
309	62.3
320	62.3
386	62.3
389	62.3
398	62.3
426	62.3
504	62.3
628	62.3
8	62.400000000000006
14	62.400000000000006
62	62.400000000000006
107	62.400000000000006
131	62.400000000000006
171	62.400000000000006
195	62.400000000000006
228	62.400000000000006
229	62.400000000000006
242	62.400000000000006
262	62.400000000000006
373	62.400000000000006
412	62.400000000000006
444	62.400000000000006
462	62.400000000000006
478	62.400000000000006
515	62.400000000000006
521	62.400000000000006
525	62.400000000000006
527	62.400000000000006
566	62.400000000000006
623	62.400000000000006
34	62.5
66	62.5
96	62.5
134	62.5
165	62.5
167	62.5
243	62.5
316	62.5
325	62.5
346	62.5
348	62.5
401	62.5
497	62.5
516	62.5
544	62.5
588	62.5
602	62.5
28	62.6
30	62.6
56	62.6
60	62.6
63	62.6
122	62.6
140	62.6
162	62.6
222	62.6
231	62.6
244	62.6
308	62.6
340	62.6
350	62.6
357	62.6
376	62.6
383	62.6
448	62.6
548	62.6
577	62.6
100	62.7
112	62.7
125	62.7
166	62.7
202	62.7
211	62.7
248	62.7
339	62.7
345	62.7
364	62.7
394	62.7
441	62.7
455	62.7
460	62.7
466	62.7
474	62.7
491	62.7
499	62.7
636	62.7
911	62.7
0	62.800000000000004
11	62.800000000000004
83	62.800000000000004
89	62.800000000000004
118	62.800000000000004
226	62.800000000000004
255	62.800000000000004
407	62.800000000000004
467	62.800000000000004
495	62.800000000000004
506	62.800000000000004
546	62.800000000000004
558	62.800000000000004
571	62.800000000000004
587	62.800000000000004
591	62.800000000000004
592	62.800000000000004
603	62.800000000000004
647	62.800000000000004
654	62.800000000000004
47	62.9
52	62.9
78	62.9
85	62.9
143	62.9
375	62.9
390	62.9
438	62.9
643	62.9
150	63.0
186	63.0
207	63.0
410	63.0
422	63.0
458	63.0
482	63.0
555	63.0
559	63.0
12	63.1
33	63.1
266	63.1
371	63.1
372	63.1
463	63.1
493	63.1
91	63.2
200	63.2
459	63.2
547	63.2
580	63.2
631	63.2
254	63.300000000000004
427	63.300000000000004
469	63.300000000000004
578	63.300000000000004
22	63.4
524	63.4
73	63.5
356	63.5
368	63.5
449	63.5
71	63.6
338	63.6
393	63.6
510	63.6
624	63.6
595	63.7
361	63.80000000000001
646	63.80000000000001
232	63.9
277	63.9
405	63.9
621	63.9
635	63.9
616	64.0
221	64.10000000000001
423	64.10000000000001
514	64.10000000000001
528	64.10000000000001
537	64.10000000000001
590	64.10000000000001
335	64.2
554	64.2
419	64.30000000000001
429	64.30000000000001
550	64.30000000000001
522	64.39999999999999
613	64.39999999999999
109	64.5
433	64.5
642	64.5
250	64.60000000000001
80	64.7
237	64.7
500	64.7
17	64.8
115	64.8
632	64.8
37	64.89999999999999
55	64.89999999999999
116	64.89999999999999
379	64.89999999999999
473	64.89999999999999
565	64.89999999999999
540	65.0
352	65.10000000000001
581	65.10000000000001
307	65.39999999999999
74	65.5
416	65.5
456	65.5
471	65.5
95	65.60000000000001
856	65.7
289	66.10000000000001
111	66.2
126	66.2
286	66.7
658	69.4
844	70.3
749	70.4
822	70.4
760	70.60000000000001
738	70.7
782	70.9
848	71.0
958	71.0
672	71.1
859	71.3
833	71.5
837	71.5
888	71.5
815	71.7
886	71.9
881	72.1
954	72.2
694	72.3
778	72.3
793	72.3
866	72.3
921	72.3
727	72.4
924	72.4
705	72.50000000000001
870	72.50000000000001
679	72.6
957	72.6
910	72.9
723	73.00000000000001
811	73.00000000000001
943	73.3
947	73.50000000000001
969	73.6
716	73.7
891	73.7
759	73.8
855	74.00000000000001
931	74.00000000000001
925	74.1
781	74.2
942	74.2
964	74.3
892	74.4
974	74.4
682	74.6
712	74.7
745	74.7
935	74.7
965	74.7
836	74.8
987	74.8
790	75.0
747	75.4
173	75.6
923	75.6
310	75.7
800	75.9
324	76.4
788	76.4
288	76.6
302	76.7
920	76.7
41	76.80000000000001
147	76.80000000000001
970	76.80000000000001
182	76.9
814	76.9
825	76.9
24	77.0
201	77.0
218	77.0
715	77.0
5	77.1
38	77.1
701	77.1
748	77.1
273	77.2
719	77.2
299	77.30000000000001
890	77.30000000000001
19	77.4
59	77.4
76	77.4
161	77.4
730	77.4
835	77.4
4	77.5
274	77.5
54	77.6
119	77.6
215	77.6
253	77.6
26	77.7
44	77.7
138	77.7
297	77.7
680	77.7
714	77.7
9	77.80000000000001
25	77.80000000000001
93	77.80000000000001
144	77.80000000000001
236	77.80000000000001
327	77.80000000000001
829	77.80000000000001
955	77.89999999999999
3	78.0
292	78.0
659	78.0
789	78.0
868	78.0
8	78.1
32	78.1
821	78.1
164	78.2
189	78.2
941	78.2
153	78.30000000000001
220	78.30000000000001
267	78.30000000000001
106	78.39999999999999
708	78.39999999999999
757	78.39999999999999
172	78.5
272	78.5
321	78.60000000000001
169	78.7
270	78.7
784	78.7
828	78.7
227	78.80000000000001
711	78.80000000000001
713	78.80000000000001
722	78.80000000000001
769	78.80000000000001
208	78.89999999999999
225	78.89999999999999
196	79.0
278	79.0
117	79.10000000000001
256	79.10000000000001
777	79.10000000000001
130	79.30000000000001
133	79.30000000000001
304	79.30000000000001
306	79.30000000000001
313	79.30000000000001
323	79.30000000000001
28	79.39999999999999
97	79.39999999999999
104	79.39999999999999
663	79.39999999999999
660	79.5
90	79.60000000000001
852	79.60000000000001
162	79.7
266	79.7
858	79.7
98	79.80000000000001
101	79.80000000000001
140	79.80000000000001
230	79.80000000000001
978	79.80000000000001
35	79.89999999999999
293	79.89999999999999
846	79.89999999999999
963	79.89999999999999
197	80.0
238	80.0
62	80.10000000000001
959	80.10000000000001
893	80.2
899	80.2
934	80.2
217	80.30000000000001
681	80.30000000000001
780	80.30000000000001
875	80.39999999999999
242	80.5
198	80.80000000000001
754	80.80000000000001
31	80.89999999999999
677	80.89999999999999
11	81.0
259	81.10000000000001
687	81.2
10	81.3
132	81.5
294	81.7
850	81.7
740	81.9
223	82.2
860	82.5
79	83.0
812	83.2
950	83.7
688	83.8
667	84.5
878	85.4
907	85.9
260	86.4
744	86.8
843	86.9
872	87.10000000000001
772	87.7
949	89.2
737	89.3
129	90.00000000000001
82	90.4
188	90.4
279	90.50000000000001
53	90.6
239	90.6
762	90.6
50	91.0
168	91.0
87	91.1
121	91.1
58	91.2
909	91.2
192	91.3
187	91.4
30	91.5
75	91.5
131	91.5
287	91.5
295	91.5
311	91.5
245	91.6
94	91.7
102	91.7
111	91.7
152	91.7
170	91.7
203	91.7
281	91.7
298	91.7
322	91.7
20	91.80000000000001
139	91.80000000000001
214	91.80000000000001
262	91.80000000000001
280	91.80000000000001
309	91.80000000000001
154	91.9
228	91.9
268	91.9
324	91.9
110	92.0
137	92.0
142	92.0
285	92.0
608	92.0
5	92.1
39	92.1
70	92.1
179	92.1
247	92.1
250	92.1
252	92.1
258	92.1
275	92.1
27	92.2
48	92.2
83	92.2
89	92.2
308	92.2
314	92.2
328	92.2
542	92.2
43	92.30000000000001
107	92.30000000000001
118	92.30000000000001
124	92.30000000000001
194	92.30000000000001
303	92.30000000000001
421	92.30000000000001
36	92.4
68	92.4
92	92.4
120	92.4
235	92.4
307	92.4
15	92.5
47	92.5
61	92.5
64	92.5
65	92.5
86	92.5
116	92.5
135	92.5
205	92.5
231	92.5
91	92.6
151	92.6
213	92.6
277	92.6
319	92.6
2	92.7
72	92.7
96	92.7
241	92.7
290	92.7
315	92.7
16	92.80000000000001
42	92.80000000000001
46	92.80000000000001
112	92.80000000000001
174	92.80000000000001
249	92.80000000000001
271	92.80000000000001
282	92.80000000000001
291	92.80000000000001
6	92.9
74	92.9
108	92.9
126	92.9
159	92.9
175	92.9
283	92.9
318	92.9
472	92.9
807	92.9
18	93.0
21	93.0
22	93.0
29	93.0
40	93.0
149	93.0
178	93.0
183	93.0
216	93.0
300	93.0
326	93.0
355	93.0
392	93.0
428	93.0
23	93.1
127	93.1
146	93.1
185	93.1
206	93.1
210	93.1
265	93.1
317	93.1
78	93.2
103	93.2
115	93.2
156	93.2
165	93.2
200	93.2
232	93.2
263	93.2
269	93.2
37	93.30000000000001
105	93.30000000000001
113	93.30000000000001
160	93.30000000000001
209	93.30000000000001
240	93.30000000000001
261	93.30000000000001
264	93.30000000000001
289	93.30000000000001
33	93.4
63	93.4
77	93.4
125	93.4
184	93.4
212	93.4
246	93.4
284	93.4
316	93.4
49	93.5
55	93.5
136	93.5
148	93.5
195	93.5
204	93.5
221	93.5
251	93.5
254	93.5
0	93.6
69	93.6
81	93.6
88	93.6
305	93.6
7	93.7
14	93.7
85	93.7
99	93.7
143	93.7
166	93.7
171	93.7
207	93.7
233	93.7
13	93.80000000000001
60	93.80000000000001
128	93.80000000000001
141	93.80000000000001
190	93.80000000000001
244	93.80000000000001
296	93.80000000000001
312	93.80000000000001
329	93.80000000000001
150	93.9
255	93.9
276	93.9
385	93.9
66	94.0
51	94.1
84	94.1
177	94.1
320	94.1
45	94.2
52	94.2
71	94.2
114	94.2
176	94.2
193	94.2
224	94.2
226	94.2
530	94.2
80	94.30000000000001
95	94.30000000000001
163	94.30000000000001
597	94.30000000000001
17	94.39999999999999
73	94.39999999999999
100	94.39999999999999
123	94.39999999999999
157	94.39999999999999
618	94.39999999999999
1	94.5
301	94.5
186	94.60000000000001
145	94.80000000000001
158	94.80000000000001
181	94.89999999999999
243	94.89999999999999
426	94.89999999999999
454	94.89999999999999
12	95.0
219	95.0
229	95.0
338	95.0
56	95.10000000000001
199	95.10000000000001
234	95.10000000000001
248	95.10000000000001
310	95.10000000000001
167	95.2
180	95.2
467	95.2
25	95.30000000000001
122	95.30000000000001
34	95.39999999999999
370	95.39999999999999
527	95.39999999999999
546	95.39999999999999
67	95.5
211	95.5
109	95.60000000000001
230	95.60000000000001
557	95.60000000000001
436	95.7
491	95.7
633	95.7
381	95.80000000000001
468	95.80000000000001
481	95.80000000000001
502	95.80000000000001
619	95.80000000000001
641	95.80000000000001
656	95.80000000000001
348	95.89999999999999
413	95.89999999999999
480	95.89999999999999
510	95.89999999999999
552	95.89999999999999
587	95.89999999999999
645	95.89999999999999
403	96.0
432	96.0
508	96.0
640	96.0
655	96.0
54	96.10000000000001
134	96.10000000000001
286	96.10000000000001
369	96.10000000000001
589	96.10000000000001
612	96.10000000000001
630	96.10000000000001
222	96.2
439	96.2
446	96.2
501	96.2
513	96.2
523	96.2
524	96.2
599	96.2
336	96.30000000000001
359	96.30000000000001
365	96.30000000000001
420	96.30000000000001
424	96.30000000000001
512	96.30000000000001
540	96.30000000000001
634	96.30000000000001
164	96.39999999999999
191	96.39999999999999
332	96.39999999999999
376	96.39999999999999
380	96.39999999999999
431	96.39999999999999
453	96.39999999999999
476	96.39999999999999
478	96.39999999999999
518	96.39999999999999
534	96.39999999999999
607	96.39999999999999
611	96.39999999999999
622	96.39999999999999
76	96.5
378	96.5
443	96.5
469	96.5
503	96.5
507	96.5
520	96.5
562	96.5
568	96.5
579	96.5
629	96.5
357	96.60000000000001
435	96.60000000000001
490	96.60000000000001
529	96.60000000000001
533	96.60000000000001
545	96.60000000000001
334	96.7
386	96.7
415	96.7
447	96.7
474	96.7
479	96.7
535	96.7
585	96.7
596	96.7
610	96.7
617	96.7
8	96.80000000000001
346	96.80000000000001
389	96.80000000000001
434	96.80000000000001
464	96.80000000000001
465	96.80000000000001
628	96.80000000000001
202	96.89999999999999
325	96.89999999999999
382	96.89999999999999
489	96.89999999999999
580	96.89999999999999
590	96.89999999999999
155	97.0
227	97.0
350	97.0
367	97.0
400	97.0
419	97.0
445	97.0
458	97.0
466	97.0
543	97.0
553	97.0
556	97.0
570	97.0
576	97.0
577	97.0
600	97.0
237	97.10000000000001
273	97.10000000000001
390	97.10000000000001
394	97.10000000000001
430	97.10000000000001
433	97.10000000000001
515	97.10000000000001
573	97.10000000000001
584	97.10000000000001
609	97.10000000000001
652	97.10000000000001
358	97.2
404	97.2
455	97.2
496	97.2
519	97.2
565	97.2
569	97.2
588	97.2
614	97.2
654	97.2
408	97.30000000000001
427	97.30000000000001
459	97.30000000000001
537	97.30000000000001
554	97.30000000000001
591	97.30000000000001
416	97.39999999999999
470	97.39999999999999
511	97.39999999999999
566	97.39999999999999
598	97.39999999999999
657	97.39999999999999
347	97.5
397	97.5
411	97.5
422	97.5
441	97.5
477	97.5
485	97.5
492	97.5
497	97.5
500	97.5
522	97.5
644	97.5
335	97.60000000000001
339	97.60000000000001
345	97.60000000000001
361	97.60000000000001
526	97.60000000000001
623	97.60000000000001
635	97.60000000000001
351	97.7
412	97.7
457	97.7
625	97.7
631	97.7
650	97.7
405	97.8
493	97.8
559	97.8
601	97.8
11	97.9
343	97.9
423	97.9
504	97.9
547	97.9
592	97.9
647	97.9
391	98.0
482	98.0
499	98.0
548	98.0
551	98.0
398	98.10000000000001
401	98.10000000000001
402	98.10000000000001
621	98.10000000000001
643	98.10000000000001
340	98.2
383	98.2
388	98.2
425	98.2
449	98.2
456	98.2
463	98.2
544	98.2
606	98.2
372	98.3
437	98.3
438	98.3
514	98.3
603	98.3
368	98.4
375	98.4
460	98.4
555	98.4
567	98.4
353	98.5
488	98.5
646	98.5
414	98.60000000000001
626	98.60000000000001
452	98.8
541	98.8
615	98.8
342	98.9
539	98.9
602	98.9
642	98.9
649	98.9
653	98.9
564	99.0
575	99.0
595	99.0
366	99.10000000000001
558	99.10000000000001
581	99.10000000000001
627	99.10000000000001
521	99.2
532	99.2
632	99.2
374	99.3
407	99.3
578	99.3
371	99.4
471	99.4
561	99.4
337	99.5
444	99.60000000000001
636	99.60000000000001
354	99.7
384	99.7
409	99.7
583	99.8
349	99.9
638	99.9
486	100.10000000000001
487	100.10000000000001
620	100.60000000000001
331	100.9
536	101.10000000000001
563	101.4
560	101.9
393	102.5
462	103.8
104	108.1
169	108.1
257	108.2
270	108.30000000000001
323	108.5
93	108.7
173	108.7
217	108.80000000000001
302	108.9
98	109.0
182	109.0
53	109.2
133	109.30000000000001
292	109.30000000000001
38	109.4
288	109.4
24	109.5
41	109.5
64	109.5
32	109.6
117	109.6
161	109.6
259	109.6
10	109.7
101	109.7
321	109.7
236	109.80000000000001
147	109.9
172	109.9
174	109.9
189	109.9
218	109.9
253	109.9
274	109.9
299	109.9
35	110.0
138	110.0
140	110.0
201	110.0
238	110.0
4	110.1
144	110.1
208	110.2
327	110.2
44	110.30000000000001
198	110.30000000000001
272	110.30000000000001
57	110.4
278	110.4
130	110.5
188	110.5
225	110.5
266	110.5
293	110.5
3	110.60000000000001
59	110.60000000000001
106	110.60000000000001
241	110.60000000000001
294	110.60000000000001
79	110.7
97	110.7
256	110.7
279	110.80000000000001
304	110.80000000000001
18	110.89999999999999
82	111.0
313	111.0
153	111.10000000000001
282	111.10000000000001
19	111.2
119	111.2
297	111.2
242	111.39999999999999
220	111.5
26	111.60000000000001
31	111.60000000000001
283	111.60000000000001
9	111.7
90	112.0
171	112.0
197	112.0
231	112.5
62	112.60000000000001
215	112.7
29	113.2
166	115.5
50	124.9
16	125.10000000000001
193	125.10000000000001
39	125.2
70	125.2
192	125.2
94	125.3
126	125.3
237	125.3
271	125.3
301	125.3
17	125.4
116	125.4
170	125.4
281	125.4
27	125.5
58	125.5
127	125.5
132	125.5
151	125.5
165	125.5
216	125.5
37	125.60000000000001
69	125.60000000000001
72	125.60000000000001
194	125.60000000000001
212	125.60000000000001
223	125.60000000000001
7	125.7
61	125.7
135	125.7
160	125.7
287	125.7
311	125.7
322	125.7
324	125.7
36	125.8
48	125.8
68	125.8
92	125.8
114	125.8
128	125.8
214	125.8
226	125.8
250	125.8
276	125.8
280	125.8
326	125.8
15	125.9
83	125.9
137	125.9
149	125.9
168	125.9
209	125.9
245	125.9
298	125.9
5	126.0
23	126.0
46	126.0
49	126.0
60	126.0
131	126.0
139	126.0
159	126.0
206	126.0
228	126.0
264	126.0
269	126.0
305	126.0
25	126.10000000000001
75	126.10000000000001
77	126.10000000000001
103	126.10000000000001
179	126.10000000000001
184	126.10000000000001
203	126.10000000000001
268	126.10000000000001
45	126.2
80	126.2
118	126.2
187	126.2
285	126.2
316	126.2
317	126.2
6	126.3
12	126.3
22	126.3
81	126.3
89	126.3
107	126.3
154	126.3
156	126.3
195	126.3
265	126.3
290	126.3
295	126.3
300	126.3
21	126.4
73	126.4
78	126.4
85	126.4
88	126.4
102	126.4
112	126.4
142	126.4
148	126.4
178	126.4
0	126.5
42	126.5
63	126.5
65	126.5
111	126.5
123	126.5
134	126.5
145	126.5
155	126.5
176	126.5
205	126.5
210	126.5
222	126.5
247	126.5
254	126.5
261	126.5
307	126.5
1	126.60000000000001
28	126.60000000000001
40	126.60000000000001
56	126.60000000000001
122	126.60000000000001
125	126.60000000000001
175	126.60000000000001
177	126.60000000000001
183	126.60000000000001
227	126.60000000000001
232	126.60000000000001
233	126.60000000000001
309	126.60000000000001
312	126.60000000000001
314	126.60000000000001
319	126.60000000000001
11	126.7
100	126.7
146	126.7
255	126.7
260	126.7
262	126.7
308	126.7
328	126.7
14	126.8
96	126.8
115	126.8
120	126.8
199	126.8
221	126.8
275	126.8
303	126.8
2	126.9
34	126.9
67	126.9
74	126.9
91	126.9
99	126.9
110	126.9
113	126.9
121	126.9
190	126.9
211	126.9
13	127.0
51	127.0
55	127.0
84	127.0
87	127.0
136	127.0
150	127.0
249	127.0
252	127.0
20	127.10000000000002
108	127.10000000000002
162	127.10000000000002
243	127.10000000000002
244	127.10000000000002
267	127.10000000000002
277	127.10000000000002
284	127.10000000000002
141	127.2
240	127.2
251	127.2
291	127.2
30	127.3
47	127.3
164	127.3
204	127.3
289	127.3
318	127.3
200	127.4
8	127.5
181	127.5
320	127.5
71	127.60000000000002
329	127.60000000000002
230	127.7
248	127.7
33	127.8
43	127.9
207	128.10000000000002
95	128.20000000000002
124	128.20000000000002
152	128.20000000000002
163	128.20000000000002
185	128.20000000000002
196	128.29999999999998
167	128.4
306	128.4
315	128.4
263	128.5
239	128.60000000000002
54	128.70000000000002
86	128.70000000000002
158	128.70000000000002
258	128.79999999999998
509	128.79999999999998
129	129.0
229	129.1
105	129.5
364	129.5
273	129.6
186	129.70000000000002
600	129.79999999999998
658	129.79999999999998
438	129.9
359	130.0
535	130.1
480	130.20000000000002
180	130.4
397	130.4
52	130.5
416	130.5
534	130.5
310	130.6
430	130.6
361	130.70000000000002
446	130.70000000000002
625	130.70000000000002
336	130.9
524	130.9
426	131.0
449	131.0
537	131.0
358	131.20000000000002
512	131.20000000000002
408	131.3
478	131.3
568	131.3
650	131.3
502	131.4
633	131.5
491	131.9
350	132.0
405	132.0
610	132.0
435	132.3
592	132.3
469	132.4
347	132.5
579	132.5
507	133.1
589	133.5
468	133.6
423	133.8
380	133.9
379	134.1
434	134.5
235	141.70000000000002
246	141.70000000000002
213	141.8
202	142.1
270	142.1
236	142.2
302	142.3
31	142.4
169	142.4
259	142.4
257	142.6
59	142.7
147	142.7
201	142.8
217	142.8
224	142.8
323	142.8
292	142.9
161	143.0
191	143.0
279	143.0
4	143.1
157	143.1
325	143.1
104	143.2
117	143.2
140	143.2
198	143.2
286	143.3
26	143.4
93	143.4
219	143.4
266	143.4
304	143.4
98	143.5
101	143.5
66	143.6
82	143.6
76	143.7
173	143.7
189	143.7
24	143.8
106	143.8
188	143.8
225	143.8
242	143.8
278	143.8
44	143.9
234	143.9
238	143.9
10	144.0
18	144.0
32	144.0
53	144.0
299	144.0
283	144.1
288	144.1
296	144.1
64	144.2
130	144.2
144	144.2
293	144.2
35	144.3
231	144.3
182	144.4
220	144.4
294	144.4
274	144.50000000000003
143	144.6
208	144.6
327	144.6
90	144.7
166	144.7
197	144.7
241	144.7
97	144.8
256	144.8
29	145.00000000000003
109	145.00000000000003
171	145.00000000000003
172	145.00000000000003
174	145.00000000000003
218	145.3
272	145.6
321	145.6
253	145.8
3	146.00000000000003
9	146.3
41	147.50000000000003
419	156.60000000000002
436	157.4
403	157.79999999999998
348	157.9
595	157.9
557	158.0
645	158.0
447	158.20000000000002
92	158.5
458	158.5
392	158.60000000000002
313	158.70000000000002
634	158.70000000000002
376	158.79999999999998
546	158.79999999999998
601	158.79999999999998
623	158.79999999999998
386	158.9
226	159.0
554	159.0
48	159.10000000000002
290	159.10000000000002
415	159.10000000000002
513	159.10000000000002
314	159.20000000000002
322	159.20000000000002
365	159.20000000000002
612	159.20000000000002
15	159.29999999999998
125	159.29999999999998
136	159.29999999999998
79	159.4
425	159.4
518	159.4
37	159.5
75	159.5
116	159.5
297	159.5
312	159.5
590	159.5
639	159.5
656	159.5
17	159.60000000000002
70	159.60000000000002
268	159.60000000000002
611	159.60000000000002
7	159.70000000000002
39	159.70000000000002
103	159.70000000000002
466	159.70000000000002
5	159.79999999999998
50	159.79999999999998
61	159.79999999999998
81	159.79999999999998
203	159.79999999999998
281	159.79999999999998
370	159.79999999999998
381	159.79999999999998
83	159.9
156	159.9
192	159.9
237	159.9
247	159.9
587	159.9
630	159.9
139	160.0
183	160.0
195	160.0
324	160.0
343	160.0
529	160.0
42	160.10000000000002
108	160.10000000000002
126	160.10000000000002
127	160.10000000000002
128	160.10000000000002
158	160.10000000000002
233	160.10000000000002
280	160.10000000000002
606	160.10000000000002
38	160.20000000000002
68	160.20000000000002
170	160.20000000000002
354	160.20000000000002
72	160.29999999999998
124	160.29999999999998
131	160.29999999999998
149	160.29999999999998
227	160.29999999999998
49	160.4
94	160.4
112	160.4
120	160.4
134	160.4
145	160.4
153	160.4
194	160.4
261	160.4
441	160.4
265	160.5
510	160.5
628	160.5
6	160.60000000000002
21	160.60000000000002
45	160.60000000000002
57	160.60000000000002
60	160.60000000000002
123	160.60000000000002
151	160.60000000000002
175	160.60000000000002
178	160.60000000000002
307	160.60000000000002
311	160.60000000000002
562	160.60000000000002
619	160.60000000000002
138	160.70000000000002
252	160.70000000000002
269	160.70000000000002
326	160.70000000000002
16	160.79999999999998
146	160.79999999999998
155	160.79999999999998
159	160.79999999999998
180	160.79999999999998
287	160.79999999999998
303	160.79999999999998
409	160.79999999999998
608	160.79999999999998
135	160.9
204	160.9
78	161.0
298	161.0
329	161.0
474	161.0
51	161.10000000000002
119	161.10000000000002
160	161.10000000000002
177	161.10000000000002
232	161.10000000000002
245	161.10000000000002
282	161.10000000000002
285	161.10000000000002
305	161.10000000000002
501	161.10000000000002
20	161.20000000000002
22	161.20000000000002
27	161.20000000000002
87	161.20000000000002
88	161.20000000000002
89	161.20000000000002
115	161.20000000000002
221	161.20000000000002
222	161.20000000000002
244	161.20000000000002
249	161.20000000000002
267	161.20000000000002
301	161.20000000000002
655	161.20000000000002
40	161.29999999999998
46	161.29999999999998
54	161.29999999999998
102	161.29999999999998
105	161.29999999999998
111	161.29999999999998
154	161.29999999999998
165	161.29999999999998
168	161.29999999999998
211	161.29999999999998
228	161.29999999999998
316	161.29999999999998
0	161.4
56	161.4
86	161.4
137	161.4
187	161.4
206	161.4
250	161.4
255	161.4
264	161.4
309	161.4
411	161.4
485	161.4
13	161.5
65	161.5
122	161.5
230	161.5
260	161.5
328	161.5
1	161.60000000000002
2	161.60000000000002
12	161.60000000000002
133	161.60000000000002
142	161.60000000000002
150	161.60000000000002
223	161.60000000000002
276	161.60000000000002
318	161.60000000000002
401	161.60000000000002
622	161.60000000000002
641	161.60000000000002
43	161.70000000000002
62	161.70000000000002
199	161.70000000000002
214	161.70000000000002
216	161.70000000000002
254	161.70000000000002
300	161.70000000000002
584	161.70000000000002
34	161.79999999999998
96	161.79999999999998
215	161.79999999999998
389	161.79999999999998
69	161.9
193	161.9
258	161.9
91	162.0
164	162.0
179	162.0
200	162.0
209	162.0
271	162.0
58	162.1
67	162.1
275	162.1
284	162.1
317	162.1
499	162.1
121	162.20000000000002
332	162.20000000000002
357	162.20000000000002
523	162.20000000000002
73	162.29999999999998
84	162.29999999999998
152	162.29999999999998
184	162.29999999999998
289	162.29999999999998
609	162.29999999999998
113	162.4
291	162.4
455	162.4
132	162.5
240	162.5
457	162.5
346	162.6
36	162.70000000000002
163	162.70000000000002
576	162.70000000000002
114	162.79999999999998
162	162.79999999999998
251	162.79999999999998
367	162.79999999999998
432	162.79999999999998
553	162.79999999999998
23	162.9
30	162.9
100	162.9
185	162.9
55	163.0
80	163.0
422	163.0
520	163.0
99	163.1
190	163.1
212	163.1
262	163.1
277	163.1
308	163.1
110	163.20000000000002
8	163.3
74	163.3
63	163.4
556	163.4
644	163.4
25	163.5
393	163.6
107	163.8
295	163.8
118	163.9
196	163.9
210	163.9
477	163.9
176	164.1
567	164.1
47	164.20000000000002
207	164.20000000000002
588	164.20000000000002
77	164.4
243	164.6
167	164.70000000000002
85	165.20000000000002
369	165.3
335	165.5
273	167.0
181	177.3
225	177.6
53	177.8
198	177.8
213	177.8
246	177.8
259	177.9
148	178.1
64	178.2
26	178.3
323	178.3
93	178.4
161	178.4
169	178.4
270	178.4
315	178.4
28	178.50000000000003
31	178.50000000000003
319	178.50000000000003
201	178.7
202	178.7
236	178.7
235	178.8
147	179.00000000000003
292	179.00000000000003
320	179.1
71	179.3
11	179.4
101	179.50000000000003
256	179.7
266	179.8
299	179.8
310	179.8
188	179.9
144	180.00000000000003
302	180.00000000000003
189	180.1
217	180.1
321	180.4
279	180.50000000000003
130	180.6
278	180.6
117	180.7
129	180.7
274	180.7
141	180.8
166	180.9
231	181.00000000000003
140	181.1
294	181.1
3	181.2
29	181.3
288	181.3
106	181.4
248	181.7
14	181.8
304	181.9
257	182.0
242	182.2
293	182.9
33	184.10000000000002
18	184.4
535	189.29999999999998
568	189.29999999999998
469	189.60000000000002
524	189.60000000000002
480	189.79999999999998
502	190.20000000000002
579	190.20000000000002
359	191.60000000000002
491	191.79999999999998
612	191.9
220	195.1
59	195.20000000000002
32	195.3
488	195.3
104	195.4
237	195.4
325	195.4
180	195.5
61	195.6
92	195.6
268	195.6
281	195.6
20	195.8
39	195.8
50	195.8
97	195.8
171	195.8
224	195.8
49	195.9
82	195.9
182	195.9
290	195.9
75	196.0
149	196.1
192	196.1
312	196.1
9	196.20000000000002
15	196.20000000000002
136	196.20000000000002
16	196.3
137	196.3
314	196.3
10	196.4
158	196.4
1	196.5
42	196.5
45	196.5
94	196.5
183	196.5
226	196.5
276	196.5
34	196.6
37	196.6
56	196.6
203	196.6
60	196.70000000000002
174	196.70000000000002
303	196.70000000000002
326	196.70000000000002
238	196.8
12	196.9
115	196.9
205	196.9
6	197.0
254	197.0
4	197.1
70	197.1
86	197.1
126	197.1
143	197.1
247	197.1
287	197.1
17	197.20000000000002
35	197.20000000000002
67	197.20000000000002
89	197.20000000000002
98	197.20000000000002
108	197.20000000000002
122	197.20000000000002
177	197.20000000000002
197	197.20000000000002
208	197.20000000000002
221	197.20000000000002
265	197.20000000000002
283	197.20000000000002
309	197.20000000000002
24	197.3
27	197.3
125	197.3
146	197.3
178	197.3
191	197.3
44	197.4
48	197.4
78	197.4
83	197.4
95	197.4
135	197.4
324	197.4
72	197.5
157	197.5
222	197.5
232	197.5
289	197.5
25	197.6
102	197.6
134	197.6
5	197.70000000000002
22	197.70000000000002
88	197.70000000000002
112	197.70000000000002
145	197.70000000000002
194	197.70000000000002
313	197.70000000000002
0	197.8
36	197.8
58	197.8
69	197.8
111	197.8
156	197.8
170	197.8
244	197.8
307	197.8
155	197.9
168	197.9
179	197.9
211	197.9
212	197.9
298	197.9
80	198.0
90	198.0
218	198.0
233	198.0
269	198.0
322	198.0
327	198.0
84	198.1
128	198.1
206	198.1
209	198.1
229	198.1
296	198.1
113	198.20000000000002
165	198.20000000000002
280	198.20000000000002
123	198.3
142	198.3
261	198.3
318	198.3
40	198.4
68	198.4
190	198.4
316	198.4
139	198.5
241	198.5
245	198.5
46	198.6
131	198.6
173	198.6
187	198.6
200	198.6
300	198.6
311	198.6
317	198.6
51	198.70000000000002
159	198.70000000000002
193	198.70000000000002
240	198.70000000000002
79	198.8
199	198.8
214	198.8
230	198.8
2	198.9
7	198.9
99	198.9
227	198.9
255	198.9
47	199.0
172	199.0
216	199.0
253	199.0
150	199.1
109	199.20000000000002
252	199.20000000000002
328	199.20000000000002
132	199.3
185	199.3
228	199.3
260	199.3
100	199.4
110	199.5
120	199.5
73	199.6
249	199.6
91	199.70000000000002
207	199.70000000000002
175	199.8
295	199.8
103	199.9
164	200.3
251	200.5
305	200.5
223	200.70000000000002
151	202.1
250	202.8
116	213.1
127	213.1
169	213.7
259	213.9
292	214.2
53	214.3
246	214.4
270	214.4
202	214.7
213	214.7
160	214.9
215	214.9
257	214.9
323	214.9
26	215.0
81	215.0
235	215.2
154	215.3
21	215.4
225	215.5
297	215.5
64	215.60000000000002
93	215.8
3	215.9
301	215.9
279	216.10000000000002
55	216.2
147	216.2
275	216.3
234	216.4
31	216.5
118	216.5
201	216.5
204	216.5
23	216.60000000000002
77	216.7
166	216.7
38	216.8
189	216.9
256	216.9
13	217.10000000000002
65	217.2
282	217.2
101	217.3
267	217.3
124	217.4
105	217.60000000000002
66	217.7
184	217.7
43	217.9
167	217.9
285	217.9
236	218.10000000000002
321	218.10000000000002
144	218.2
152	218.2
243	218.2
284	218.3
291	218.3
14	218.5
278	218.60000000000002
119	218.8
163	218.8
454	218.9
29	219.0
210	219.2
262	219.3
264	219.60000000000002
572	219.8
161	220.0
426	220.10000000000002
399	220.60000000000002
652	220.60000000000002
641	220.7
645	220.8
630	221.20000000000002
564	221.4
196	221.5
458	221.5
601	221.5
436	221.60000000000002
87	221.79999999999998
487	221.9
608	222.0
634	222.10000000000002
388	222.60000000000002
542	222.60000000000002
619	222.79999999999998
575	223.29999999999998
553	223.5
561	223.79999999999998
361	225.9
638	226.4
39	232.6
61	232.8
312	232.9
180	233.1
17	233.3
28	233.3
158	233.3
290	233.3
170	233.4
303	233.5
148	233.6
15	233.70000000000002
188	233.70000000000002
203	233.70000000000002
293	233.70000000000002
83	233.8
50	233.9
94	233.9
6	234.0
137	234.0
237	234.0
248	234.0
71	234.1
268	234.1
287	234.1
78	234.20000000000002
20	234.3
182	234.3
37	234.40000000000003
45	234.40000000000003
67	234.40000000000003
122	234.40000000000003
111	234.5
126	234.5
226	234.5
254	234.5
265	234.5
271	234.5
298	234.5
149	234.6
238	234.6
56	234.70000000000002
75	234.70000000000002
89	234.70000000000002
114	234.70000000000002
194	234.70000000000002
276	234.70000000000002
42	234.8
266	234.8
304	234.8
326	234.8
12	234.9
138	234.9
232	234.9
48	235.0
177	235.0
183	235.0
221	235.0
320	235.0
60	235.1
309	235.1
11	235.20000000000002
199	235.20000000000002
260	235.20000000000002
117	235.3
133	235.3
247	235.3
34	235.4
274	235.4
9	235.5
130	235.5
136	235.5
159	235.5
214	235.5
294	235.5
123	235.6
222	235.6
112	235.8
115	235.8
269	235.8
299	235.8
36	235.9
150	235.9
155	235.9
18	236.0
140	236.0
233	236.0
281	236.0
216	236.1
69	236.20000000000002
106	236.20000000000002
156	236.20000000000002
1	236.3
58	236.3
211	236.3
242	236.3
245	236.4
314	236.4
72	236.5
139	236.5
181	236.6
25	236.70000000000002
145	236.70000000000002
178	236.70000000000002
244	236.70000000000002
289	236.70000000000002
329	236.70000000000002
153	236.8
195	236.8
84	237.0
327	237.0
141	237.1
134	237.20000000000002
307	237.20000000000002
316	237.20000000000002
322	237.20000000000002
63	237.4
302	237.5
224	237.6
315	237.6
44	237.70000000000002
273	237.8
227	237.9
324	238.0
125	238.20000000000002
54	239.3
255	239.9
288	240.70000000000002
535	251.1
104	251.5
131	251.9
164	251.9
186	252.1
197	252.1
257	252.20000000000002
292	252.3
30	252.5
16	252.70000000000002
175	252.70000000000002
231	252.70000000000002
235	252.70000000000002
279	252.70000000000002
323	252.70000000000002
198	252.8
246	252.8
70	252.9
92	252.9
252	252.9
447	252.9
109	253.0
146	253.0
82	253.1
209	253.1
259	253.1
208	253.20000000000002
213	253.20000000000002
579	253.20000000000002
5	253.3
120	253.3
142	253.3
286	253.4
308	253.4
192	253.5
325	253.5
31	253.6
68	253.6
165	253.6
317	253.6
469	253.6
79	253.70000000000005
101	253.8
102	253.8
241	253.8
524	253.8
49	253.9
100	254.0
220	254.0
491	254.0
27	254.1
97	254.20000000000005
202	254.20000000000005
3	254.3
46	254.3
103	254.3
108	254.3
169	254.3
187	254.3
200	254.3
280	254.3
318	254.3
35	254.4
189	254.4
2	254.5
135	254.5
168	254.5
219	254.5
57	254.6
240	254.6
300	254.70000000000005
319	254.70000000000005
8	254.8
310	254.8
13	254.9
24	254.9
86	254.9
59	255.0
98	255.0
174	255.0
270	255.0
80	255.1
151	255.1
90	255.5
190	255.5
53	255.6
389	255.8
261	255.9
295	256.0
321	256.0
47	256.09999999999997
311	256.09999999999997
223	256.3
277	256.40000000000003
249	256.70000000000005
51	256.8
64	257.0
230	257.5
305	257.5
40	257.90000000000003
251	258.09999999999997
328	259.09999999999997
126	271.79999999999995
312	271.79999999999995
147	271.90000000000003
290	271.90000000000003
268	272.0
191	272.2
275	272.40000000000003
39	272.5
93	272.5
127	272.6
137	272.7
6	272.79999999999995
91	273.1
122	273.1
61	273.2
115	273.2
116	273.2
32	273.29999999999995
154	273.29999999999995
14	273.40000000000003
42	273.40000000000003
78	273.40000000000003
113	273.40000000000003
314	273.40000000000003
12	273.5
171	273.5
204	273.5
1	273.6
83	273.6
26	273.7
89	273.79999999999995
301	273.79999999999995
34	273.90000000000003
236	273.90000000000003
67	274.0
212	274.0
75	274.1
158	274.1
193	274.1
278	274.1
111	274.29999999999995
179	274.29999999999995
211	274.29999999999995
17	274.40000000000003
222	274.40000000000003
23	274.5
45	274.5
94	274.5
233	274.5
50	274.6
303	274.7
20	274.8
72	274.8
221	274.8
299	274.8
166	274.90000000000003
293	275.0
128	275.1
56	275.2
161	275.2
256	275.3
284	275.3
112	275.40000000000003
160	275.6
243	275.7
265	275.90000000000003
144	276.1
69	276.2
134	276.2
283	276.2
188	276.3
287	276.5
25	276.8
156	276.8
36	277.0
7	277.2
22	277.3
180	277.8
58	277.90000000000003
327	278.0
145	278.2
210	278.2
296	278.2
118	278.7
285	278.7
480	281.7
546	282.3
458	282.6
575	282.8
403	283.40000000000003
436	283.40000000000003
348	283.5
620	283.5
612	285.0
414	285.8
381	285.9
279	290.9
103	291.6
235	291.6
246	291.6
323	291.6
202	291.7
257	291.7
125	291.9
148	292.00000000000006
224	292.1
15	292.6
170	292.6
213	292.6
270	292.7
37	292.8
3	292.9
225	292.9
237	292.9
136	293.00000000000006
178	293.00000000000006
313	293.00000000000006
159	293.1
48	293.4
155	293.7
276	293.7
288	293.8
307	293.8
326	294.00000000000006
149	294.2
254	294.2
298	294.3
31	294.4
123	294.50000000000006
169	294.50000000000006
244	294.50000000000006
255	294.50000000000006
281	294.50000000000006
245	294.6
189	294.7
266	294.7
321	294.9
79	295.2
309	295.2
2	295.50000000000006
199	295.8
322	295.8
101	296.00000000000006
260	296.3
68	296.4
232	296.50000000000006
316	296.7
194	296.9
310	299.1
82	311.3
183	312.5
268	312.8
290	312.9
60	313.0
88	313.20000000000005
45	313.3
1	313.4
56	313.4
131	313.4
177	313.4
197	313.4
12	313.5
111	313.5
312	313.5
158	313.8
259	313.90000000000003
89	314.0
34	314.09999999999997
67	314.09999999999997
92	314.09999999999997
301	314.3
166	314.40000000000003
80	314.70000000000005
271	314.8
233	314.90000000000003
226	315.0
227	315.0
59	315.20000000000005
42	315.40000000000003
122	315.40000000000003
318	315.40000000000003
182	315.8
120	316.40000000000003
221	316.5
78	316.70000000000005
510	316.90000000000003
222	317.0
653	317.20000000000005
133	317.3
90	317.70000000000005
9	318.09999999999997
35	318.20000000000005
99	318.70000000000005
100	318.70000000000005
93	331.1
246	331.2
104	331.5
115	331.5
235	331.7
213	332.2
6	332.3
61	332.3
171	332.3
257	332.3
17	332.40000000000003
50	332.40000000000003
279	332.40000000000003
292	332.40000000000003
293	332.40000000000003
36	332.5
72	332.5
147	332.6
180	332.6
238	332.6
94	332.90000000000003
169	332.90000000000003
216	332.90000000000003
39	333.1
44	333.1
127	333.1
224	333.1
304	333.1
20	333.2
202	333.2
264	333.2
323	333.2
175	333.3
230	333.3
265	333.3
287	333.3
139	333.40000000000003
64	333.5
21	333.8
260	333.8
28	333.90000000000003
116	333.90000000000003
220	333.90000000000003
236	333.90000000000003
70	334.0
83	334.0
144	334.0
150	334.0
187	334.0
208	334.1
117	334.2
161	334.2
188	334.2
53	334.3
121	334.3
11	334.40000000000003
106	334.40000000000003
155	334.40000000000003
23	334.5
193	334.5
3	334.6
126	334.7
204	334.7
249	334.7
58	334.8
77	334.90000000000003
137	334.90000000000003
26	335.0
160	335.0
297	335.0
299	335.3
326	335.40000000000003
309	335.6
55	335.7
113	335.8
320	335.8
105	335.90000000000003
132	336.0
136	336.0
149	336.1
25	336.3
210	336.40000000000003
84	336.5
156	336.5
145	336.7
73	336.8
135	336.8
276	336.8
327	337.1
24	337.6
179	337.90000000000003
244	338.1
254	338.29999999999995
142	338.6
261	338.6
283	339.1
583	344.40000000000003
561	344.6
484	345.0
477	346.8
550	346.8
539	347.40000000000003
576	348.2
455	349.7
466	350.5
194	353.3
205	354.3
209	354.50000000000006
314	354.6
128	356.3
37	356.50000000000006
123	357.6
189	357.6
56	357.7
282	358.1
1	358.50000000000006
89	358.8
300	358.9
170	374.3
308	374.8
183	375.4
161	375.70000000000005
164	375.70000000000005
227	375.8
572	375.8
638	375.9
319	376.0
235	376.8
39	377.0
213	377.09999999999997
241	377.4
321	377.5
154	377.70000000000005
246	378.09999999999997
17	378.40000000000003
268	378.5
12	379.09999999999997
18	379.70000000000005
171	380.09999999999997
166	380.20000000000005
112	380.3
104	394.40000000000003
82	394.6
60	395.1
93	395.40000000000003
172	395.7
257	395.8
117	395.90000000000003
260	396.0
88	396.3
249	396.3
115	396.40000000000003
309	396.5
99	396.6
236	396.6
25	396.7
137	396.7
45	396.8
61	397.0
155	397.3
221	397.40000000000003
29	397.5
34	397.5
67	397.5
62	397.6
84	397.6
40	397.8
232	397.90000000000003
320	397.90000000000003
37	398.0
149	398.0
188	398.0
199	398.0
73	398.1
78	398.1
36	398.2
287	398.2
144	398.3
139	398.40000000000003
51	398.5
6	398.6
7	398.6
83	398.6
194	398.6
202	398.6
238	398.7
116	398.8
230	399.0
298	399.0
48	399.2
316	399.2
177	399.3
216	399.3
72	399.40000000000003
120	399.6
225	399.7
92	400.6
1	401.90000000000003
462	406.40000000000003
451	406.7
407	407.40000000000003
495	407.6
520	412.0
652	413.0
608	416.1
49	416.2
3	417.1
312	417.1
169	417.50000000000006
180	417.7
246	417.7
56	417.9
290	418.2
279	418.3
276	419.00000000000006
122	419.2
89	419.3
111	419.4
136	419.7
12	419.8
125	420.00000000000006
265	420.00000000000006
100	420.4
133	420.4
213	420.8
23	421.00000000000006
166	421.3
235	437.6
268	438.20000000000005
224	438.6
257	439.1
17	439.70000000000005
47	439.70000000000005
202	439.8
324	439.9
26	440.1
254	440.4
158	440.8
188	441.0
155	441.20000000000005
144	441.3
309	441.3
147	441.4
183	441.6
232	441.6
298	441.6
177	441.70000000000005
25	442.1
238	442.40000000000003
78	443.0
221	443.09999999999997
334	444.5
321	444.70000000000005
137	458.40000000000003
115	458.6
93	459.0
82	459.2
104	459.5
126	459.8
6	460.40000000000003
246	460.6
169	461.7
73	462.3
1	462.7
39	462.8
199	462.8
323	462.8
67	463.1
45	463.2
12	463.7
34	463.8
191	463.90000000000003
166	464.7
89	464.90000000000003
84	465.1
287	465.1
122	465.5
111	467.7
159	480.5
49	480.8
148	481.50000000000006
203	482.7
213	482.7
235	483.1
257	483.2
224	483.4
202	483.9
279	484.4
88	484.7
161	484.8
188	485.2
56	485.3
158	485.3
51	486.1
144	486.2
249	486.50000000000006
180	486.6
155	486.7
221	486.8
177	486.9
40	487.1
29	488.50000000000006
115	503.0
126	504.40000000000003
77	504.8
110	505.8
17	506.6
137	506.8
183	507.0
246	507.09999999999997
50	507.4000000000001
78	508.50000000000006
216	510.2
356	514.3
82	525.1
93	526.6
39	526.9
171	526.9
270	527.2
116	527.3
127	528.1
6	528.3
61	528.3
16	528.9
89	529.1
67	529.5
72	529.5
268	529.8000000000001
83	530.3
287	530.5
155	531.1
166	531.1
34	531.2
232	531.2
323	531.3
144	531.5
304	531.9
314	533.4
292	551.5
235	551.6
221	551.8000000000001
45	552.2
104	552.5
257	552.5
100	552.6
56	552.9000000000001
188	552.9000000000001
111	553.2
290	553.9000000000001
227	555.0
122	555.4
160	555.8000000000001
279	556.2
115	570.9000000000001
325	572.3000000000001
126	572.9000000000001
17	573.9000000000001
71	574.3000000000001
246	578.6
60	595.4
93	596.6
137	596.6
144	596.9
89	597.1
78	597.2
270	597.6
67	597.7
287	597.9
238	598.2
166	598.6
34	598.7
155	598.9
321	599.0
298	600.6
314	603.8
257	619.2
122	621.1999999999999
235	621.6
274	641.9
180	642.0
292	642.0
290	642.6
246	642.7
279	642.7
158	642.8000000000001
115	642.9
169	643.0
202	643.7
268	643.9
131	644.6
213	649.3
37	649.7
16	664.8000000000001
257	667.9000000000001
26	669.4
246	690.5
235	691.4
323	713.1
257	714.3000000000001
314	715.6
25	737.5
246	738.8
202	739.0
235	739.4000000000001
292	741.3000000000001
115	762.1999999999999
126	782.5000000000001
104	784.3
3	804.7
91	804.7
36	804.9000000000001
47	805.2
102	805.2
80	805.4
113	805.5
135	805.6
25	806.0
146	806.0
58	806.1
69	806.6
266	808.4
244	812.3
190	827.3000000000001
168	827.6
179	827.6999999999999
124	829.4
289	830.0
115	830.8000000000001
233	833.2
89	833.8
102	852.6
36	853.0000000000001
146	853.0000000000001
311	853.1
113	853.5
91	853.7
212	854.7
222	854.9
80	855.7
12	857.1
179	876.5
278	880.3000000000001
68	902.9
58	904.8000000000001
78	928.3
67	929.8000000000001
89	930.7
36	947.0
79	948.8000000000001
112	949.1
233	949.1
222	949.2
322	949.8000000000001
101	950.0
2	950.1
122	950.9000000000001
123	974.1
102	994.7
212	995.2
131	996.7
68	997.0
58	997.6
300	998.1
287	998.3000000000001
311	999.5
144	1000.4999999999999
36	1018.0
135	1018.0
25	1018.8000000000002
146	1019.1000000000001
321	1019.5
299	1019.9
233	1020.4
56	1021.3000000000001
12	1021.9
89	1022.1999999999999
80	1041.8
211	1045.1000000000001
289	1047.2
3	1066.7
36	1066.8
53	1087.3000000000002
25	1090.1000000000001
45	1090.4
89	1092.3
1	1092.7
255	1092.7
78	1093.6000000000001
67	1093.8000000000002
135	1094.0
287	1094.4
177	1095.1999999999998
12	1114.9
321	1115.1
233	1115.2
56	1115.5000000000002
34	1116.2
122	1117.1
288	1139.8000000000002
189	1140.5
156	1140.7
42	1162.8
31	1184.3000000000002
9	1185.0
20	1185.8999999999999
56	1186.4
12	1187.0
1	1187.4
93	1189.3
45	1211.1000000000001
54	1230.1
31	1253.1000000000001
20	1254.1
42	1254.2
75	1254.6000000000001
64	1255.0
9	1255.3
53	1256.3999999999999
156	1280.3999999999999
120	1281.3000000000002
31	1303.9
252	1303.9
241	1326.5
142	1326.8
175	1326.8
230	1327.2
164	1327.4
274	1327.4
42	1327.6000000000001
9	1328.0
20	1328.8999999999999
285	1329.1000000000001
318	1329.7
208	1330.5
307	1330.7
120	1349.7
131	1350.1000000000001
31	1350.6
98	1351.1999999999998
219	1351.8000000000002
329	1374.8
197	1377.3999999999999
65	1399.5
241	1402.4
307	1471.3
54	1491.8
318	1519.0
329	1562.1
307	1565.0000000000002
318	1588.2
318	1636.0
307	1636.1000000000001
241	1636.5
274	1639.1
120	1657.8000000000002
54	1658.0
164	1658.1000000000001
32	1658.3000000000002
98	1658.3000000000002
285	1658.4
175	1658.5
197	1658.6000000000001
87	1658.7
252	1658.7
65	1658.9
296	1658.9
230	1659.0
131	1659.2
142	1659.3999999999999
329	1660.5
109	1661.2
219	1661.8000000000002
263	1662.2
307	1684.2
241	1684.8
208	1685.0
56	1689.3
318	1708.2
285	1709.2
274	1710.4
284	1717.8999999999999
307	1731.3
230	1735.0
175	1754.9
318	1755.0
197	1755.9
241	1756.5000000000002
131	1757.1000000000001
142	1757.8
186	1758.0
329	1759.0
300	1763.5
289	1763.9
278	1764.2
307	1778.6000000000001
274	1779.9
98	1780.7
285	1780.9
54	1781.6000000000001
65	1801.2
87	1802.3
131	1802.3
252	1802.6
120	1803.4
241	1803.4
230	1804.1
76	1804.2
208	1804.3999999999999
164	1805.2
318	1805.2
296	1807.1000000000001
307	1826.8
197	1826.9
329	1827.2
142	1827.8
175	1828.2
274	1828.3
285	1828.3
263	1828.5
10	1828.7
32	1828.7
98	1830.7
54	1848.2
131	1848.4
241	1848.7
87	1849.3000000000002
65	1849.4
230	1849.5
164	1849.9
252	1850.2
21	1850.4
186	1850.8999999999999
120	1851.2
318	1852.8999999999999
329	1871.1
307	1871.5000000000002
197	1872.4
98	1872.5
208	1872.7
175	1872.8999999999999
274	1873.0
285	1873.6000000000001
142	1873.7
296	1873.8000000000002
153	1874.8
108	1879.0
230	1895.5000000000002
164	1896.2
42	1896.6000000000001
252	1896.6000000000001
131	1896.8
87	1896.9
120	1897.0
241	1897.0
54	1897.2
318	1897.2
65	1900.0
274	1920.3000000000002
197	1920.8
142	1921.2
208	1921.3
186	1921.3999999999999
285	1921.3999999999999
307	1921.3999999999999
175	1921.5
329	1921.6000000000001
32	1922.0
219	1923.5
263	1924.3000000000002
98	1924.4
109	1924.7
296	1924.9
230	1945.5
241	1947.4
164	1947.5
54	1948.0000000000002
120	1952.4
175	1970.5
329	1970.8
252	1971.0
285	1971.1000000000001
197	1971.3
274	1971.5
208	1971.8
142	1972.2
318	1972.3000000000002
241	1994.4
230	1997.2
131	1997.7
54	1998.8000000000002
307	2017.9
329	2018.2000000000003
164	2018.3
197	2018.5
296	2018.5
252	2019.4
120	2042.4
285	2042.5
175	2042.8000000000002
241	2043.1
208	2044.3999999999999
274	2045.0
164	2069.3
230	2069.5
252	2070.7
175	2089.3
197	2089.3
65	2089.7999999999997
120	2090.5
87	2090.6000000000004
131	2091.1
186	2091.1
241	2091.2000000000003
307	2091.2999999999997
142	2091.9
54	2092.3
208	2113.0
164	2113.7999999999997
285	2113.9
252	2114.0000000000005
153	2115.0
76	2115.2999999999997
274	2115.7
230	2115.8999999999996
318	2137.0
175	2138.1
120	2138.4
197	2139.0
241	2139.4
208	2162.6000000000004
142	2163.0
164	2164.8
307	2186.3
230	2186.6000000000004
54	2186.9
131	2187.6000000000004
65	2188.1
120	2209.6
87	2209.7999999999997
98	2209.7999999999997
175	2210.1
197	2210.1
252	2210.7000000000003
142	2211.2000000000003
263	2211.2000000000003
186	2211.3
208	2212.4
153	2213.5
241	2214.0
32	2214.2
233	2237.9
304	2299.2
131	2307.1
208	2307.8
164	2308.2000000000003
175	2308.3
120	2309.9
142	2331.8
197	2380.4
178	2381.0
5	2384.1
314	2388.0
145	2404.4
233	2424.0
175	2451.1000000000004
197	2475.4
120	2475.7999999999997
43	2477.0000000000005
54	2497.5
175	2499.5
252	2499.6
241	2500.7000000000003
208	2500.9
197	2524.0
55	2551.6
271	2584.9
44	2603.9
233	2620.1000000000004
99	2627.2999999999997
0	2649.3
77	2649.4
55	2649.7999999999997
11	2650.1
44	2672.5000000000005
88	2672.6
99	2695.4
54	2736.2000000000003
252	2739.3
142	2759.0000000000005
131	2759.6000000000004
120	2761.3
271	2778.7000000000003
307	2784.2999999999997
241	2833.6
260	2870.8
453	2985.7
24	2997.9
6	3060.2
17	3132.5
6	3226.4
39	3226.6000000000004
50	3227.2000000000003
61	3228.2000000000003
83	3250.7000000000003
94	3251.6000000000004
17	3295.8
50	3296.4
6	3296.8
72	3296.9
39	3320.0
61	3320.1
116	3320.4
50	3462.8
17	3465.9
121	3475.7999999999997
132	3475.9
11	3502.1
0	3503.1000000000004
6	3533.7
17	3534.8
116	3535.8
260	3582.2000000000003
293	3583.5000000000005
135	3682.6000000000004
30	3834.1000000000004
295	3834.6
273	3835.9
146	3873.8
233	3880.3
284	3883.0
49	3959.9
288	3977.7
233	4023.0000000000005
11	4053.1000000000004
233	4187.3
289	4441.1
256	4464.400000000001
245	4464.599999999999
240	4697.200000000001
262	4697.200000000001
218	4697.6
49	4697.8
207	4793.3
115	4813.5
126	4864.5
137	4911.3
73	5265.900000000001
29	5284.400000000001
40	5284.6
51	5284.8
84	5285.200000000001
84	5361.900000000001
84	5431.099999999999
51	5477.400000000001
29	5478.400000000001
73	5478.400000000001
40	5479.0
18	5480.9
84	5500.1
7	5500.500000000001
106	5502.5
95	5502.6
29	5524.0
40	5524.3
51	5524.4
62	5525.9
60	5527.8
18	5550.7
73	5550.900000000001
238	5551.8
7	5553.3
49	5576.9
87	5654.1
10	5654.6
126	6012.599999999999
101	6015.0
175	6107.099999999999
64	6394.7
318	6397.200000000001
53	6419.2
218	6511.7
185	6512.2
169	6541.8
136	6684.3
111	6693.3
122	6714.0
309	6716.200000000001
177	6716.6
89	6738.400000000001
188	6739.3
254	6761.900000000001
298	6786.2
122	6835.2
122	7123.9
111	7193.599999999999
89	7287.8
111	7382.700000000001
287	7384.5
122	7407.1
111	7431.0
89	7434.7
122	7476.8
26	7499.700000000001
144	7505.000000000001
89	7527.500000000001
128	7585.5
339	7731.000000000001
504	7732.3
273	7815.3
273	7886.200000000001
284	7886.7
295	7909.1
339	8057.4000000000015
140	8358.0
96	8358.500000000002
151	8360.900000000001
118	8408.699999999999
151	8455.7
118	8525.199999999999
107	8546.6
63	8547.0
85	8547.1
74	8547.7
151	8547.7
140	8547.800000000001
184	8547.800000000001
195	8547.9
173	8548.0
96	8548.1
162	8548.9
228	8550.2
129	8551.1
96	8595.500000000002
140	8596.300000000001
151	8596.9
74	8597.0
107	8597.0
195	8597.0
118	8597.2
63	8598.0
184	8619.2
173	8619.300000000001
162	8619.6
85	8619.699999999999
217	8621.1
118	8643.2
96	8643.4
140	8643.500000000002
63	8643.6
107	8643.7
228	8643.7
250	8643.7
151	8643.800000000001
74	8644.1
195	8644.5
261	8644.9
129	8645.4
305	8646.800000000001
206	8648.300000000001
37	8668.5
173	8669.1
184	8669.2
151	8691.800000000001
118	8691.9
140	8692.1
107	8692.6
74	8692.7
195	8693.0
129	8693.4
283	8694.6
96	8695.3
250	8716.0
305	8716.0
217	8716.4
228	8716.4
294	8716.4
162	8717.0
261	8718.9
107	8739.800000000001
63	8740.300000000001
140	8740.400000000001
74	8740.8
151	8740.8
184	8740.8
118	8741.0
173	8742.1
195	8742.2
129	8743.199999999999
96	8763.7
261	8766.400000000001
74	8789.900000000001
85	8791.400000000001
118	8811.7
96	8812.300000000001
107	8812.7
151	8816.1
65	8818.0
283	8834.300000000001
294	8953.4
327	8953.4
283	8953.699999999999
300	9091.5
523	9097.900000000001
135	9568.300000000001
120	9675.6
173	9769.6
142	9794.0
54	9864.7
270	9869.5
241	9892.4
