# N = 988
neuron_id	spike_time_ms
216	15.0
111	15.1
160	15.1
6	15.2
18	15.2
35	15.2
39	15.2
48	15.2
99	15.2
144	15.2
150	15.2
164	15.2
262	15.2
281	15.2
299	15.2
7	15.3
61	15.3
65	15.3
72	15.3
83	15.3
89	15.3
92	15.3
94	15.3
96	15.3
108	15.3
118	15.3
127	15.3
130	15.3
147	15.3
153	15.3
158	15.3
163	15.3
175	15.3
181	15.3
183	15.3
195	15.3
203	15.3
217	15.3
227	15.3
232	15.3
240	15.3
249	15.3
258	15.3
260	15.3
268	15.3
271	15.3
286	15.3
302	15.3
304	15.3
313	15.3
316	15.3
4	15.4
5	15.4
8	15.4
10	15.4
11	15.4
17	15.4
21	15.4
29	15.4
32	15.4
33	15.4
37	15.4
45	15.4
50	15.4
52	15.4
53	15.4
54	15.4
55	15.4
63	15.4
69	15.4
74	15.4
79	15.4
85	15.4
88	15.4
95	15.4
98	15.4
100	15.4
102	15.4
109	15.4
112	15.4
115	15.4
116	15.4
129	15.4
134	15.4
138	15.4
139	15.4
141	15.4
142	15.4
152	15.4
154	15.4
161	15.4
162	15.4
172	15.4
176	15.4
180	15.4
182	15.4
187	15.4
189	15.4
191	15.4
192	15.4
194	15.4
196	15.4
201	15.4
202	15.4
205	15.4
206	15.4
209	15.4
214	15.4
220	15.4
224	15.4
229	15.4
230	15.4
231	15.4
233	15.4
235	15.4
238	15.4
239	15.4
241	15.4
246	15.4
247	15.4
251	15.4
252	15.4
253	15.4
255	15.4
256	15.4
257	15.4
261	15.4
267	15.4
269	15.4
270	15.4
272	15.4
275	15.4
283	15.4
284	15.4
292	15.4
294	15.4
295	15.4
305	15.4
308	15.4
312	15.4
318	15.4
325	15.4
327	15.4
1	15.5
2	15.5
9	15.5
15	15.5
16	15.5
24	15.5
25	15.5
28	15.5
38	15.5
40	15.5
42	15.5
43	15.5
57	15.5
62	15.5
70	15.5
71	15.5
73	15.5
76	15.5
78	15.5
80	15.5
90	15.5
93	15.5
101	15.5
103	15.5
106	15.5
114	15.5
117	15.5
120	15.5
121	15.5
126	15.5
131	15.5
133	15.5
136	15.5
143	15.5
145	15.5
146	15.5
148	15.5
149	15.5
151	15.5
155	15.5
159	15.5
166	15.5
169	15.5
171	15.5
173	15.5
185	15.5
186	15.5
188	15.5
197	15.5
198	15.5
204	15.5
207	15.5
211	15.5
213	15.5
215	15.5
221	15.5
222	15.5
228	15.5
237	15.5
243	15.5
245	15.5
248	15.5
266	15.5
274	15.5
279	15.5
280	15.5
282	15.5
285	15.5
290	15.5
291	15.5
293	15.5
296	15.5
297	15.5
298	15.5
301	15.5
310	15.5
317	15.5
322	15.5
323	15.5
324	15.5
328	15.5
329	15.5
0	15.600000000000001
3	15.600000000000001
12	15.600000000000001
14	15.600000000000001
20	15.600000000000001
23	15.600000000000001
26	15.600000000000001
30	15.600000000000001
31	15.600000000000001
34	15.600000000000001
36	15.600000000000001
41	15.600000000000001
46	15.600000000000001
51	15.600000000000001
59	15.600000000000001
60	15.600000000000001
64	15.600000000000001
66	15.600000000000001
68	15.600000000000001
75	15.600000000000001
81	15.600000000000001
84	15.600000000000001
86	15.600000000000001
87	15.600000000000001
91	15.600000000000001
97	15.600000000000001
105	15.600000000000001
107	15.600000000000001
110	15.600000000000001
113	15.600000000000001
122	15.600000000000001
124	15.600000000000001
125	15.600000000000001
128	15.600000000000001
132	15.600000000000001
135	15.600000000000001
140	15.600000000000001
157	15.600000000000001
165	15.600000000000001
168	15.600000000000001
170	15.600000000000001
174	15.600000000000001
178	15.600000000000001
184	15.600000000000001
193	15.600000000000001
200	15.600000000000001
208	15.600000000000001
212	15.600000000000001
218	15.600000000000001
219	15.600000000000001
223	15.600000000000001
225	15.600000000000001
226	15.600000000000001
236	15.600000000000001
244	15.600000000000001
250	15.600000000000001
259	15.600000000000001
263	15.600000000000001
265	15.600000000000001
273	15.600000000000001
276	15.600000000000001
277	15.600000000000001
278	15.600000000000001
287	15.600000000000001
288	15.600000000000001
289	15.600000000000001
300	15.600000000000001
303	15.600000000000001
306	15.600000000000001
307	15.600000000000001
311	15.600000000000001
314	15.600000000000001
315	15.600000000000001
319	15.600000000000001
320	15.600000000000001
321	15.600000000000001
326	15.600000000000001
963	15.600000000000001
13	15.700000000000001
19	15.700000000000001
22	15.700000000000001
27	15.700000000000001
44	15.700000000000001
47	15.700000000000001
49	15.700000000000001
56	15.700000000000001
58	15.700000000000001
67	15.700000000000001
77	15.700000000000001
119	15.700000000000001
123	15.700000000000001
137	15.700000000000001
156	15.700000000000001
167	15.700000000000001
179	15.700000000000001
199	15.700000000000001
210	15.700000000000001
234	15.700000000000001
242	15.700000000000001
254	15.700000000000001
264	15.700000000000001
309	15.700000000000001
82	15.8
104	15.8
177	15.8
190	15.8
902	16.0
984	16.0
418	16.099999999999998
851	16.099999999999998
744	16.2
440	16.3
443	16.3
882	16.3
979	16.3
486	16.400000000000002
517	16.400000000000002
622	16.400000000000002
672	16.400000000000002
811	16.400000000000002
881	16.400000000000002
644	16.5
654	16.5
858	16.5
895	16.5
393	16.6
468	16.6
475	16.6
794	16.6
944	16.6
421	16.7
539	16.7
578	16.7
640	16.7
767	16.7
871	16.7
937	16.8
447	16.900000000000002
796	16.900000000000002
898	16.900000000000002
949	16.900000000000002
554	17.0
673	17.0
356	17.1
577	17.1
627	17.1
635	17.1
669	17.1
680	17.1
700	17.1
717	17.1
748	17.1
822	17.1
376	17.2
656	17.2
714	17.2
332	17.3
977	17.3
402	17.400000000000002
788	17.400000000000002
618	17.5
765	17.5
527	17.6
536	17.6
927	17.6
942	17.6
433	17.7
766	17.7
876	17.7
965	17.7
645	17.8
696	17.8
810	17.8
831	17.8
594	17.9
417	18.0
557	18.0
444	18.1
608	18.1
785	18.1
880	18.1
929	18.1
666	18.2
614	18.4
436	18.500000000000004
488	18.500000000000004
390	18.6
722	18.6
617	18.8
959	18.8
761	19.200000000000003
459	19.4
534	19.5
368	19.700000000000003
336	20.099999999999998
887	22.2
593	23.4
395	27.8
428	28.400000000000002
363	28.6
375	28.6
497	28.6
621	28.6
331	28.7
340	28.7
351	28.7
439	28.7
494	28.7
505	28.7
582	28.7
628	28.7
359	28.8
379	28.8
453	28.8
506	28.8
564	28.8
586	28.8
615	28.8
364	28.900000000000002
373	28.900000000000002
419	28.900000000000002
450	28.900000000000002
472	28.900000000000002
606	28.900000000000002
612	28.900000000000002
652	28.900000000000002
353	29.0
362	29.0
392	29.0
397	29.0
430	29.0
441	29.0
461	29.0
520	29.0
522	29.0
531	29.0
538	29.0
553	29.0
571	29.0
630	29.0
658	29.0
348	29.1
406	29.1
412	29.1
463	29.1
476	29.1
487	29.1
516	29.1
533	29.1
562	29.1
565	29.1
573	29.1
575	29.1
626	29.1
641	29.1
650	29.1
335	29.2
355	29.2
377	29.2
381	29.2
399	29.2
408	29.2
410	29.2
411	29.2
465	29.2
474	29.2
483	29.2
498	29.2
509	29.2
511	29.2
518	29.2
542	29.2
549	29.2
552	29.2
560	29.2
595	29.2
604	29.2
639	29.2
342	29.300000000000004
345	29.300000000000004
357	29.300000000000004
374	29.300000000000004
384	29.300000000000004
403	29.300000000000004
409	29.300000000000004
425	29.300000000000004
435	29.300000000000004
507	29.300000000000004
512	29.300000000000004
529	29.300000000000004
535	29.300000000000004
551	29.300000000000004
567	29.300000000000004
570	29.300000000000004
580	29.300000000000004
592	29.300000000000004
597	29.300000000000004
619	29.300000000000004
623	29.300000000000004
637	29.300000000000004
330	29.400000000000002
352	29.400000000000002
378	29.400000000000002
386	29.400000000000002
398	29.400000000000002
420	29.400000000000002
434	29.400000000000002
445	29.400000000000002
452	29.400000000000002
467	29.400000000000002
484	29.400000000000002
489	29.400000000000002
491	29.400000000000002
526	29.400000000000002
540	29.400000000000002
546	29.400000000000002
561	29.400000000000002
581	29.400000000000002
600	29.400000000000002
601	29.400000000000002
611	29.400000000000002
333	29.5
337	29.5
338	29.5
341	29.5
344	29.5
346	29.5
366	29.5
370	29.5
380	29.5
385	29.5
388	29.5
396	29.5
401	29.5
427	29.5
442	29.5
451	29.5
454	29.5
457	29.5
469	29.5
480	29.5
485	29.5
501	29.5
513	29.5
537	29.5
584	29.5
588	29.5
590	29.5
602	29.5
605	29.5
616	29.5
648	29.5
655	29.5
354	29.6
358	29.6
365	29.6
394	29.6
407	29.6
423	29.6
426	29.6
431	29.6
432	29.6
446	29.6
449	29.6
458	29.6
470	29.6
471	29.6
473	29.6
482	29.6
493	29.6
496	29.6
508	29.6
514	29.6
519	29.6
525	29.6
545	29.6
550	29.6
556	29.6
558	29.6
568	29.6
634	29.6
646	29.6
739	29.6
343	29.7
350	29.7
367	29.7
415	29.7
424	29.7
438	29.7
455	29.7
479	29.7
495	29.7
504	29.7
510	29.7
515	29.7
544	29.7
579	29.7
591	29.7
610	29.7
613	29.7
631	29.7
633	29.7
636	29.7
643	29.7
647	29.7
653	29.7
349	29.8
361	29.8
369	29.8
371	29.8
372	29.8
391	29.8
400	29.8
405	29.8
422	29.8
456	29.8
460	29.8
466	29.8
490	29.8
500	29.8
521	29.8
523	29.8
524	29.8
532	29.8
559	29.8
563	29.8
583	29.8
589	29.8
596	29.8
599	29.8
625	29.8
649	29.8
339	29.900000000000002
347	29.900000000000002
382	29.900000000000002
383	29.900000000000002
404	29.900000000000002
414	29.900000000000002
448	29.900000000000002
462	29.900000000000002
481	29.900000000000002
492	29.900000000000002
499	29.900000000000002
502	29.900000000000002
503	29.900000000000002
528	29.900000000000002
530	29.900000000000002
543	29.900000000000002
547	29.900000000000002
566	29.900000000000002
569	29.900000000000002
576	29.900000000000002
585	29.900000000000002
598	29.900000000000002
603	29.900000000000002
607	29.900000000000002
629	29.900000000000002
632	29.900000000000002
638	29.900000000000002
642	29.900000000000002
651	29.900000000000002
657	29.900000000000002
300	30.0
389	30.0
429	30.0
437	30.0
477	30.0
478	30.0
548	30.0
572	30.0
609	30.0
250	30.1
334	30.1
413	30.1
555	30.1
587	30.1
75	30.2
218	30.2
262	30.2
541	30.2
624	30.2
163	30.3
360	30.3
387	30.3
464	30.3
574	30.3
620	30.3
43	30.4
103	30.4
108	30.4
240	30.4
297	30.4
6	30.500000000000004
17	30.500000000000004
65	30.500000000000004
86	30.500000000000004
87	30.500000000000004
141	30.500000000000004
182	30.500000000000004
205	30.500000000000004
280	30.500000000000004
328	30.500000000000004
416	30.500000000000004
59	30.6
70	30.6
139	30.6
175	30.6
183	30.6
206	30.6
207	30.6
219	30.6
275	30.6
317	30.6
31	30.7
32	30.7
55	30.7
80	30.7
83	30.7
92	30.7
96	30.7
112	30.7
125	30.7
131	30.7
154	30.7
168	30.7
172	30.7
184	30.7
185	30.7
186	30.7
230	30.7
231	30.7
251	30.7
283	30.7
312	30.7
8	30.8
15	30.8
22	30.8
42	30.8
45	30.8
57	30.8
89	30.8
97	30.8
120	30.8
127	30.8
134	30.8
196	30.8
197	30.8
216	30.8
222	30.8
224	30.8
229	30.8
233	30.8
246	30.8
278	30.8
284	30.8
286	30.8
305	30.8
313	30.8
316	30.8
319	30.8
4	30.9
9	30.9
24	30.9
29	30.9
37	30.9
39	30.9
51	30.9
61	30.9
81	30.9
90	30.9
98	30.9
106	30.9
118	30.9
130	30.9
142	30.9
180	30.9
188	30.9
189	30.9
190	30.9
194	30.9
198	30.9
203	30.9
226	30.9
227	30.9
282	30.9
289	30.9
291	30.9
307	30.9
315	30.9
323	30.9
327	30.9
23	31.0
36	31.0
48	31.0
66	31.0
73	31.0
78	31.0
84	31.0
88	31.0
114	31.0
117	31.0
121	31.0
124	31.0
153	31.0
169	31.0
214	31.0
221	31.0
232	31.0
239	31.0
256	31.0
260	31.0
272	31.0
273	31.0
274	31.0
290	31.0
295	31.0
302	31.0
324	31.0
0	31.1
3	31.1
7	31.1
14	31.1
28	31.1
40	31.1
44	31.1
46	31.1
54	31.1
77	31.1
100	31.1
102	31.1
111	31.1
129	31.1
147	31.1
152	31.1
155	31.1
162	31.1
173	31.1
181	31.1
193	31.1
201	31.1
204	31.1
217	31.1
228	31.1
248	31.1
308	31.1
11	31.200000000000003
13	31.200000000000003
63	31.200000000000003
85	31.200000000000003
94	31.200000000000003
101	31.200000000000003
138	31.200000000000003
158	31.200000000000003
187	31.200000000000003
192	31.200000000000003
202	31.200000000000003
234	31.200000000000003
236	31.200000000000003
237	31.200000000000003
245	31.200000000000003
276	31.200000000000003
288	31.200000000000003
318	31.200000000000003
2	31.3
30	31.3
52	31.3
91	31.3
107	31.3
133	31.3
144	31.3
157	31.3
160	31.3
165	31.3
179	31.3
191	31.3
208	31.3
223	31.3
252	31.3
265	31.3
285	31.3
298	31.3
311	31.3
58	31.400000000000002
69	31.400000000000002
105	31.400000000000002
113	31.400000000000002
136	31.400000000000002
146	31.400000000000002
148	31.400000000000002
150	31.400000000000002
164	31.400000000000002
225	31.400000000000002
238	31.400000000000002
243	31.400000000000002
249	31.400000000000002
261	31.400000000000002
268	31.400000000000002
269	31.400000000000002
271	31.400000000000002
310	31.400000000000002
26	31.5
35	31.5
50	31.5
76	31.5
79	31.5
143	31.5
149	31.5
156	31.5
171	31.5
178	31.5
209	31.5
241	31.5
247	31.5
258	31.5
293	31.5
299	31.5
325	31.5
33	31.6
62	31.6
64	31.6
110	31.6
119	31.6
122	31.6
128	31.6
174	31.6
177	31.6
195	31.6
257	31.6
10	31.7
12	31.7
21	31.7
25	31.7
41	31.7
53	31.7
60	31.7
99	31.7
116	31.7
135	31.7
166	31.7
167	31.7
170	31.7
176	31.7
211	31.7
220	31.7
235	31.7
267	31.7
301	31.7
304	31.7
309	31.7
27	31.8
72	31.8
109	31.8
161	31.8
200	31.8
213	31.8
254	31.8
259	31.8
294	31.8
326	31.8
16	31.900000000000006
19	31.900000000000006
47	31.900000000000006
49	31.900000000000006
67	31.900000000000006
74	31.900000000000006
115	31.900000000000006
123	31.900000000000006
140	31.900000000000006
159	31.900000000000006
199	31.900000000000006
242	31.900000000000006
264	31.900000000000006
287	31.900000000000006
306	31.900000000000006
314	31.900000000000006
321	31.900000000000006
20	32.0
56	32.0
95	32.0
145	32.0
263	32.0
281	32.0
18	32.1
34	32.1
68	32.1
255	32.1
296	32.1
322	32.1
527	32.1
645	32.1
71	32.199999999999996
212	32.199999999999996
270	32.199999999999996
132	32.300000000000004
151	32.300000000000004
277	32.300000000000004
279	32.300000000000004
303	32.300000000000004
329	32.300000000000004
390	32.300000000000004
320	32.4
1	32.5
104	32.6
215	32.6
443	32.6
447	32.6
126	32.699999999999996
5	32.800000000000004
418	32.800000000000004
244	32.9
266	33.0
292	33.0
644	33.0
38	33.2
82	33.2
468	33.2
656	33.2
210	33.300000000000004
253	33.300000000000004
622	33.300000000000004
539	33.5
557	33.5
608	33.7
617	33.7
640	33.7
654	33.800000000000004
486	34.0
627	34.0
332	34.099999999999994
376	34.099999999999994
421	34.099999999999994
436	34.2
393	34.4
577	34.4
594	34.6
578	34.7
534	34.800000000000004
635	34.9
356	35.1
336	35.2
93	35.6
402	35.7
488	35.9
536	36.1
433	36.3
618	36.8
444	36.9
517	37.6
368	37.900000000000006
440	39.300000000000004
554	39.900000000000006
459	43.1
137	43.9
218	46.0
31	46.1
250	46.1
284	46.1
90	46.2
96	46.2
190	46.2
262	46.2
274	46.2
289	46.2
317	46.2
328	46.2
78	46.3
168	46.3
240	46.3
256	46.3
475	46.3
64	46.400000000000006
75	46.400000000000006
125	46.400000000000006
141	46.400000000000006
146	46.400000000000006
152	46.400000000000006
157	46.400000000000006
278	46.400000000000006
298	46.400000000000006
3	46.5
36	46.5
80	46.5
124	46.5
184	46.5
228	46.5
229	46.5
234	46.5
322	46.5
20	46.6
25	46.6
46	46.6
86	46.6
87	46.6
107	46.6
112	46.6
130	46.6
163	46.6
185	46.6
201	46.6
206	46.6
224	46.6
246	46.6
251	46.6
254	46.6
295	46.6
300	46.6
6	46.7
8	46.7
15	46.7
42	46.7
91	46.7
97	46.7
100	46.7
113	46.7
121	46.7
133	46.7
135	46.7
144	46.7
162	46.7
173	46.7
189	46.7
196	46.7
232	46.7
243	46.7
267	46.7
268	46.7
272	46.7
280	46.7
283	46.7
290	46.7
299	46.7
307	46.7
316	46.7
4	46.8
30	46.8
41	46.8
43	46.8
45	46.8
65	46.8
69	46.8
123	46.8
147	46.8
203	46.8
207	46.8
212	46.8
216	46.8
217	46.8
235	46.8
275	46.8
306	46.8
312	46.8
32	46.900000000000006
34	46.900000000000006
37	46.900000000000006
58	46.900000000000006
67	46.900000000000006
79	46.900000000000006
84	46.900000000000006
85	46.900000000000006
89	46.900000000000006
101	46.900000000000006
117	46.900000000000006
174	46.900000000000006
179	46.900000000000006
188	46.900000000000006
192	46.900000000000006
219	46.900000000000006
223	46.900000000000006
237	46.900000000000006
247	46.900000000000006
273	46.900000000000006
286	46.900000000000006
297	46.900000000000006
2	47.0
13	47.0
23	47.0
26	47.0
47	47.0
49	47.0
108	47.0
110	47.0
111	47.0
127	47.0
138	47.0
166	47.0
175	47.0
182	47.0
199	47.0
204	47.0
226	47.0
239	47.0
241	47.0
305	47.0
310	47.0
311	47.0
21	47.1
44	47.1
63	47.1
74	47.1
77	47.1
118	47.1
129	47.1
134	47.1
153	47.1
160	47.1
164	47.1
169	47.1
178	47.1
187	47.1
191	47.1
195	47.1
211	47.1
213	47.1
245	47.1
269	47.1
291	47.1
294	47.1
302	47.1
318	47.1
1	47.199999999999996
7	47.199999999999996
12	47.199999999999996
14	47.199999999999996
24	47.199999999999996
59	47.199999999999996
66	47.199999999999996
102	47.199999999999996
103	47.199999999999996
120	47.199999999999996
131	47.199999999999996
140	47.199999999999996
142	47.199999999999996
145	47.199999999999996
149	47.199999999999996
155	47.199999999999996
156	47.199999999999996
170	47.199999999999996
171	47.199999999999996
177	47.199999999999996
221	47.199999999999996
222	47.199999999999996
231	47.199999999999996
248	47.199999999999996
261	47.199999999999996
288	47.199999999999996
323	47.199999999999996
327	47.199999999999996
9	47.300000000000004
22	47.300000000000004
52	47.300000000000004
55	47.300000000000004
56	47.300000000000004
57	47.300000000000004
92	47.300000000000004
98	47.300000000000004
106	47.300000000000004
114	47.300000000000004
115	47.300000000000004
119	47.300000000000004
136	47.300000000000004
139	47.300000000000004
158	47.300000000000004
180	47.300000000000004
193	47.300000000000004
205	47.300000000000004
214	47.300000000000004
230	47.300000000000004
233	47.300000000000004
264	47.300000000000004
270	47.300000000000004
271	47.300000000000004
301	47.300000000000004
313	47.300000000000004
324	47.300000000000004
10	47.400000000000006
27	47.400000000000006
70	47.400000000000006
126	47.400000000000006
132	47.400000000000006
159	47.400000000000006
176	47.400000000000006
208	47.400000000000006
276	47.400000000000006
321	47.400000000000006
0	47.5
73	47.5
82	47.5
95	47.5
143	47.5
154	47.5
227	47.5
236	47.5
238	47.5
252	47.5
265	47.5
285	47.5
303	47.5
315	47.5
320	47.5
325	47.5
29	47.6
39	47.6
50	47.6
51	47.6
61	47.6
83	47.6
122	47.6
128	47.6
197	47.6
257	47.6
260	47.6
279	47.6
281	47.6
293	47.6
304	47.6
11	47.699999999999996
19	47.699999999999996
53	47.699999999999996
81	47.699999999999996
109	47.699999999999996
116	47.699999999999996
148	47.699999999999996
150	47.699999999999996
167	47.699999999999996
172	47.699999999999996
181	47.699999999999996
215	47.699999999999996
314	47.699999999999996
35	47.800000000000004
54	47.800000000000004
60	47.800000000000004
76	47.800000000000004
198	47.800000000000004
255	47.800000000000004
296	47.800000000000004
33	47.900000000000006
40	47.900000000000006
99	47.900000000000006
183	47.900000000000006
200	47.900000000000006
259	47.900000000000006
263	47.900000000000006
319	47.900000000000006
326	47.900000000000006
68	48.0
151	48.0
186	48.0
202	48.0
253	48.0
277	48.0
282	48.0
287	48.0
309	48.0
28	48.1
88	48.1
210	48.1
308	48.1
16	48.199999999999996
17	48.199999999999996
48	48.199999999999996
194	48.199999999999996
249	48.199999999999996
292	48.199999999999996
38	48.300000000000004
165	48.300000000000004
5	48.5
266	48.5
71	48.699999999999996
93	48.699999999999996
62	48.800000000000004
94	48.9
104	48.9
105	49.0
258	49.2
220	49.300000000000004
329	49.4
244	50.300000000000004
18	50.4
225	50.7
242	58.2
161	58.4
72	58.800000000000004
209	59.5
334	60.1
531	60.1
542	60.1
816	60.1
353	60.2
331	60.3
386	60.3
400	60.3
422	60.3
564	60.3
389	60.4
455	60.4
499	60.4
575	60.4
602	60.4
345	60.50000000000001
359	60.50000000000001
367	60.50000000000001
378	60.50000000000001
411	60.50000000000001
430	60.50000000000001
514	60.50000000000001
521	60.50000000000001
652	60.50000000000001
330	60.6
382	60.6
397	60.6
399	60.6
415	60.6
466	60.6
558	60.6
586	60.6
619	60.6
938	60.6
342	60.7
355	60.7
366	60.7
381	60.7
403	60.7
432	60.7
507	60.7
520	60.7
529	60.7
580	60.7
591	60.7
597	60.7
650	60.7
344	60.8
348	60.8
408	60.8
451	60.8
470	60.8
606	60.8
614	60.8
392	60.9
465	60.9
496	60.9
525	60.9
543	60.9
576	60.9
592	60.9
623	60.9
713	60.9
137	61.00000000000001
339	61.00000000000001
370	61.00000000000001
377	61.00000000000001
431	61.00000000000001
441	61.00000000000001
452	61.00000000000001
454	61.00000000000001
481	61.00000000000001
498	61.00000000000001
510	61.00000000000001
569	61.00000000000001
641	61.00000000000001
448	61.1
474	61.1
476	61.1
477	61.1
480	61.1
503	61.1
518	61.1
535	61.1
547	61.1
562	61.1
570	61.1
573	61.1
584	61.1
595	61.1
628	61.1
639	61.1
642	61.1
141	61.2
373	61.2
385	61.2
426	61.2
463	61.2
515	61.2
532	61.2
553	61.2
587	61.2
612	61.2
657	61.2
404	61.3
409	61.3
458	61.3
485	61.3
495	61.3
502	61.3
508	61.3
524	61.3
546	61.3
548	61.3
550	61.3
551	61.3
565	61.3
598	61.3
613	61.3
615	61.3
629	61.3
634	61.3
24	61.4
256	61.4
274	61.4
295	61.4
337	61.4
356	61.4
414	61.4
419	61.4
425	61.4
438	61.4
449	61.4
473	61.4
487	61.4
491	61.4
504	61.4
572	61.4
579	61.4
596	61.4
599	61.4
601	61.4
620	61.4
130	61.50000000000001
163	61.50000000000001
262	61.50000000000001
317	61.50000000000001
350	61.50000000000001
354	61.50000000000001
361	61.50000000000001
371	61.50000000000001
396	61.50000000000001
417	61.50000000000001
488	61.50000000000001
519	61.50000000000001
541	61.50000000000001
557	61.50000000000001
624	61.50000000000001
637	61.50000000000001
75	61.6
108	61.6
152	61.6
229	61.6
285	61.6
307	61.6
362	61.6
375	61.6
398	61.6
427	61.6
447	61.6
497	61.6
506	61.6
561	61.6
563	61.6
571	61.6
608	61.6
653	61.6
57	61.7
218	61.7
273	61.7
289	61.7
351	61.7
416	61.7
433	61.7
464	61.7
484	61.7
516	61.7
538	61.7
568	61.7
583	61.7
593	61.7
603	61.7
656	61.7
783	61.7
31	61.8
64	61.8
97	61.8
233	61.8
240	61.8
284	61.8
340	61.8
363	61.8
365	61.8
407	61.8
439	61.8
444	61.8
453	61.8
461	61.8
462	61.8
482	61.8
537	61.8
609	61.8
635	61.8
636	61.8
45	61.900000000000006
58	61.900000000000006
90	61.900000000000006
135	61.900000000000006
168	61.900000000000006
174	61.900000000000006
212	61.900000000000006
250	61.900000000000006
251	61.900000000000006
333	61.900000000000006
349	61.900000000000006
352	61.900000000000006
358	61.900000000000006
387	61.900000000000006
434	61.900000000000006
442	61.900000000000006
443	61.900000000000006
472	61.900000000000006
478	61.900000000000006
513	61.900000000000006
560	61.900000000000006
582	61.900000000000006
588	61.900000000000006
643	61.900000000000006
832	61.900000000000006
2	62.0
13	62.0
41	62.0
46	62.0
145	62.0
190	62.0
197	62.0
246	62.0
318	62.0
328	62.0
357	62.0
388	62.0
420	62.0
456	62.0
492	62.0
552	62.0
574	62.0
625	62.0
631	62.0
651	62.0
20	62.1
37	62.1
74	62.1
91	62.1
100	62.1
112	62.1
188	62.1
189	62.1
193	62.1
221	62.1
222	62.1
223	62.1
231	62.1
232	62.1
310	62.1
341	62.1
372	62.1
394	62.1
437	62.1
450	62.1
533	62.1
536	62.1
581	62.1
632	62.1
695	62.1
805	62.1
9	62.2
35	62.2
80	62.2
96	62.2
166	62.2
171	62.2
187	62.2
208	62.2
254	62.2
299	62.2
343	62.2
383	62.2
384	62.2
406	62.2
429	62.2
471	62.2
530	62.2
540	62.2
554	62.2
617	62.2
626	62.2
633	62.2
638	62.2
640	62.2
658	62.2
908	62.2
909	62.2
8	62.3
22	62.3
52	62.3
77	62.3
107	62.3
118	62.3
167	62.3
179	62.3
199	62.3
214	62.3
241	62.3
275	62.3
286	62.3
321	62.3
332	62.3
335	62.3
346	62.3
360	62.3
418	62.3
421	62.3
539	62.3
618	62.3
56	62.400000000000006
67	62.400000000000006
69	62.400000000000006
86	62.400000000000006
116	62.400000000000006
125	62.400000000000006
144	62.400000000000006
164	62.400000000000006
173	62.400000000000006
204	62.400000000000006
215	62.400000000000006
234	62.400000000000006
306	62.400000000000006
376	62.400000000000006
467	62.400000000000006
494	62.400000000000006
648	62.400000000000006
25	62.5
36	62.5
82	62.5
102	62.5
110	62.5
129	62.5
155	62.5
160	62.5
207	62.5
235	62.5
237	62.5
268	62.5
312	62.5
401	62.5
483	62.5
511	62.5
522	62.5
527	62.5
555	62.5
556	62.5
585	62.5
905	62.5
1	62.6
11	62.6
21	62.6
32	62.6
34	62.6
44	62.6
59	62.6
149	62.6
162	62.6
170	62.6
175	62.6
247	62.6
261	62.6
276	62.6
280	62.6
380	62.6
390	62.6
393	62.6
424	62.6
446	62.6
505	62.6
616	62.6
630	62.6
654	62.6
915	62.6
4	62.7
6	62.7
117	62.7
138	62.7
156	62.7
216	62.7
236	62.7
291	62.7
316	62.7
423	62.7
436	62.7
489	62.7
490	62.7
500	62.7
512	62.7
589	62.7
604	62.7
649	62.7
14	62.800000000000004
23	62.800000000000004
63	62.800000000000004
73	62.800000000000004
84	62.800000000000004
101	62.800000000000004
131	62.800000000000004
133	62.800000000000004
245	62.800000000000004
269	62.800000000000004
364	62.800000000000004
457	62.800000000000004
544	62.800000000000004
559	62.800000000000004
577	62.800000000000004
594	62.800000000000004
600	62.800000000000004
645	62.800000000000004
646	62.800000000000004
836	62.800000000000004
982	62.800000000000004
92	62.9
134	62.9
154	62.9
176	62.9
211	62.9
287	62.9
338	62.9
445	62.9
493	62.9
610	62.9
766	62.9
16	63.0
55	63.0
122	63.0
196	63.0
198	63.0
243	63.0
302	63.0
374	63.0
607	63.0
662	63.0
718	63.0
10	63.1
26	63.1
61	63.1
85	63.1
95	63.1
127	63.1
178	63.1
183	63.1
184	63.1
226	63.1
294	63.1
325	63.1
501	63.1
621	63.1
50	63.2
109	63.2
111	63.2
169	63.2
395	63.2
115	63.300000000000004
140	63.300000000000004
296	63.300000000000004
314	63.300000000000004
329	63.300000000000004
405	63.300000000000004
468	63.300000000000004
479	63.300000000000004
605	63.300000000000004
252	63.4
297	63.4
369	63.4
412	63.4
435	63.4
460	63.4
567	63.4
627	63.4
644	63.4
182	63.5
379	63.5
469	63.5
526	63.5
19	63.6
30	63.6
54	63.6
126	63.6
148	63.6
165	63.6
200	63.6
264	63.6
303	63.6
413	63.6
459	63.6
578	63.6
83	63.7
177	63.7
227	63.7
3	63.80000000000001
29	63.80000000000001
151	63.80000000000001
298	63.80000000000001
368	63.80000000000001
523	63.80000000000001
566	63.80000000000001
622	63.80000000000001
27	63.9
60	63.9
103	63.9
210	63.9
305	63.9
960	63.9
33	64.0
259	64.0
277	64.0
292	64.0
509	64.0
611	64.0
157	64.10000000000001
79	64.2
205	64.2
391	64.2
549	64.2
545	64.30000000000001
655	64.30000000000001
42	64.39999999999999
49	64.39999999999999
70	64.39999999999999
219	64.39999999999999
336	64.39999999999999
410	64.5
647	64.5
517	64.7
534	64.7
971	64.7
104	64.8
239	64.8
311	64.8
428	64.8
785	65.0
220	65.10000000000001
590	65.10000000000001
347	65.2
308	65.39999999999999
440	65.5
98	65.60000000000001
65	65.8
143	65.8
283	65.8
48	66.0
803	66.3
528	66.8
402	66.9
281	67.0
957	67.10000000000001
891	67.2
486	67.7
270	67.8
880	67.8
911	67.9
935	68.0
781	69.10000000000001
864	69.2
941	69.3
946	69.5
924	69.9
746	70.60000000000001
814	70.60000000000001
821	70.7
726	71.3
825	71.6
792	71.8
768	72.0
715	72.4
974	72.6
664	73.1
759	73.1
691	73.2
931	73.2
660	73.3
672	73.50000000000001
856	73.50000000000001
735	73.6
927	73.7
669	73.8
901	73.9
680	74.00000000000001
790	74.1
671	74.2
675	74.2
794	74.3
977	74.3
872	74.4
910	74.4
686	74.5
693	74.5
870	74.5
724	74.6
757	74.6
848	74.7
683	74.8
837	74.8
322	74.9
771	75.0
965	75.0
0	75.1
105	75.1
113	75.1
859	75.1
290	75.2
719	75.2
191	75.3
852	75.3
43	75.4
238	75.4
793	75.4
840	75.4
180	75.5
224	75.5
28	75.6
114	75.6
185	75.6
309	75.6
804	75.6
7	75.7
120	75.7
248	75.7
255	75.7
53	75.80000000000001
132	75.80000000000001
158	75.80000000000001
260	75.80000000000001
304	75.80000000000001
796	75.80000000000001
969	75.80000000000001
186	76.0
258	76.0
315	76.1
824	76.1
867	76.1
89	76.2
128	76.2
263	76.2
47	76.30000000000001
119	76.30000000000001
213	76.30000000000001
230	76.30000000000001
279	76.30000000000001
293	76.30000000000001
327	76.30000000000001
945	76.30000000000001
121	76.4
142	76.4
777	76.4
972	76.4
267	76.5
704	76.5
729	76.5
828	76.5
38	76.6
81	76.6
150	76.6
161	76.6
202	76.6
244	76.6
88	76.7
266	76.7
734	76.7
17	76.80000000000001
320	76.80000000000001
39	76.9
123	76.9
194	76.9
68	77.0
106	77.0
725	77.0
94	77.1
903	77.1
976	77.1
93	77.2
124	77.2
228	77.2
749	77.2
249	77.30000000000001
727	77.30000000000001
78	77.4
206	77.4
301	77.4
738	77.4
71	77.5
153	77.5
326	77.5
51	77.6
192	77.6
195	77.6
203	77.6
12	77.7
15	77.7
265	77.7
272	77.7
18	77.80000000000001
35	77.80000000000001
141	77.80000000000001
319	77.80000000000001
66	77.89999999999999
295	77.89999999999999
328	77.89999999999999
62	78.0
134	78.0
225	78.0
257	78.0
914	78.0
72	78.1
87	78.1
274	78.1
834	78.1
978	78.1
99	78.2
288	78.2
145	78.30000000000001
296	78.30000000000001
849	78.30000000000001
40	78.39999999999999
146	78.39999999999999
250	78.39999999999999
313	78.5
159	78.60000000000001
181	78.60000000000001
282	78.60000000000001
818	78.60000000000001
881	78.60000000000001
136	78.7
278	78.7
826	78.80000000000001
5	78.89999999999999
139	78.89999999999999
217	78.89999999999999
271	78.89999999999999
300	79.0
126	79.10000000000001
201	79.10000000000001
74	79.2
155	79.2
172	79.2
223	79.2
906	79.30000000000001
55	79.39999999999999
138	79.39999999999999
324	79.39999999999999
209	79.5
262	79.5
323	79.5
961	79.5
76	79.60000000000001
152	79.60000000000001
240	79.80000000000001
273	79.89999999999999
936	80.10000000000001
75	80.2
318	80.60000000000001
892	80.60000000000001
144	80.80000000000001
147	80.80000000000001
169	80.80000000000001
173	80.80000000000001
896	81.10000000000001
196	81.3
253	81.7
954	81.8
317	82.0
63	82.7
216	82.7
227	83.0
86	90.8
311	90.8
179	91.0
56	91.3
84	91.4
92	91.4
14	91.5
120	91.5
699	91.5
45	91.6
49	91.6
174	91.6
251	91.6
10	91.7
26	91.7
197	91.7
198	91.7
934	91.7
20	91.80000000000001
64	91.80000000000001
103	91.80000000000001
157	91.80000000000001
190	91.80000000000001
3	91.9
21	91.9
245	91.9
61	92.0
212	92.0
241	92.0
285	92.0
553	92.0
166	92.1
218	92.1
233	92.1
234	92.1
280	92.1
24	92.2
85	92.2
252	92.2
122	92.30000000000001
16	92.4
46	92.4
91	92.4
187	92.4
287	92.4
127	92.5
226	92.5
298	92.5
575	92.5
151	92.6
247	92.6
261	92.6
598	92.6
613	92.6
2	92.7
31	92.7
90	92.7
130	92.7
303	92.7
550	92.7
13	92.80000000000001
57	92.80000000000001
67	92.80000000000001
101	92.80000000000001
214	92.80000000000001
430	92.80000000000001
573	92.80000000000001
4	92.9
37	92.9
371	92.9
97	93.0
108	93.0
168	93.0
269	93.0
284	93.0
294	93.0
411	93.0
529	93.0
96	93.1
207	93.1
276	93.1
307	93.1
397	93.1
492	93.1
6	93.2
59	93.2
82	93.2
163	93.2
236	93.2
274	93.2
316	93.2
321	93.2
342	93.2
617	93.2
50	93.30000000000001
104	93.30000000000001
175	93.30000000000001
268	93.30000000000001
60	93.4
110	93.4
156	93.4
170	93.4
178	93.4
208	93.4
222	93.4
291	93.4
329	93.4
388	93.4
125	93.5
131	93.5
164	93.5
308	93.5
312	93.5
314	93.5
331	93.5
386	93.5
618	93.5
11	93.6
70	93.6
193	93.6
231	93.6
242	93.6
557	93.6
44	93.7
48	93.7
83	93.7
111	93.7
184	93.7
215	93.7
229	93.7
281	93.7
292	93.7
79	93.80000000000001
116	93.80000000000001
182	93.80000000000001
209	93.80000000000001
211	93.80000000000001
246	93.80000000000001
259	93.80000000000001
297	93.80000000000001
89	93.9
309	93.9
310	93.9
27	94.0
32	94.0
41	94.0
117	94.0
137	94.0
149	94.0
205	94.0
235	94.0
244	94.0
353	94.0
73	94.1
112	94.1
154	94.1
160	94.1
171	94.1
204	94.1
228	94.1
275	94.1
305	94.1
376	94.1
562	94.1
8	94.2
115	94.2
189	94.2
237	94.2
254	94.2
299	94.2
474	94.2
551	94.2
23	94.30000000000001
54	94.30000000000001
107	94.30000000000001
118	94.30000000000001
199	94.30000000000001
203	94.30000000000001
330	94.30000000000001
375	94.30000000000001
439	94.30000000000001
476	94.30000000000001
480	94.30000000000001
496	94.30000000000001
656	94.30000000000001
34	94.39999999999999
176	94.39999999999999
177	94.39999999999999
220	94.39999999999999
221	94.39999999999999
491	94.39999999999999
1	94.5
102	94.5
584	94.5
283	94.60000000000001
334	94.60000000000001
441	94.60000000000001
650	94.60000000000001
22	94.7
98	94.7
286	94.7
302	94.7
408	94.7
419	94.7
100	94.80000000000001
109	94.80000000000001
239	94.80000000000001
270	94.80000000000001
563	94.80000000000001
595	94.80000000000001
612	94.80000000000001
403	94.89999999999999
422	94.89999999999999
77	95.0
459	95.0
507	95.0
639	95.0
9	95.10000000000001
497	95.10000000000001
606	95.10000000000001
30	95.2
129	95.2
378	95.2
409	95.2
416	95.2
569	95.2
140	95.30000000000001
370	95.30000000000001
165	95.39999999999999
264	95.39999999999999
289	95.39999999999999
451	95.39999999999999
25	95.5
325	95.5
484	95.5
518	95.5
591	95.5
33	95.60000000000001
52	95.60000000000001
132	95.60000000000001
180	95.60000000000001
354	95.60000000000001
366	95.60000000000001
396	95.60000000000001
400	95.60000000000001
464	95.60000000000001
638	95.60000000000001
167	95.7
306	95.7
340	95.7
530	95.7
602	95.7
627	95.7
95	95.80000000000001
399	95.80000000000001
620	95.80000000000001
162	95.89999999999999
200	95.89999999999999
210	95.89999999999999
348	95.89999999999999
367	95.89999999999999
373	95.89999999999999
482	95.89999999999999
488	95.89999999999999
537	95.89999999999999
629	95.89999999999999
649	95.89999999999999
657	95.89999999999999
363	96.0
389	96.0
405	96.0
148	96.10000000000001
191	96.10000000000001
431	96.10000000000001
449	96.10000000000001
453	96.10000000000001
499	96.10000000000001
653	96.10000000000001
466	96.2
477	96.2
485	96.2
516	96.2
585	96.2
635	96.2
143	96.30000000000001
495	96.30000000000001
504	96.30000000000001
508	96.30000000000001
519	96.30000000000001
520	96.30000000000001
526	96.30000000000001
552	96.30000000000001
332	96.39999999999999
358	96.39999999999999
361	96.39999999999999
433	96.39999999999999
471	96.39999999999999
472	96.39999999999999
538	96.39999999999999
539	96.39999999999999
558	96.39999999999999
19	96.5
133	96.5
277	96.5
381	96.5
427	96.5
438	96.5
442	96.5
461	96.5
503	96.5
515	96.5
541	96.5
607	96.5
642	96.5
350	96.60000000000001
356	96.60000000000001
365	96.60000000000001
394	96.60000000000001
475	96.60000000000001
561	96.60000000000001
359	96.7
420	96.7
540	96.7
565	96.7
600	96.7
616	96.7
631	96.7
640	96.7
413	96.80000000000001
455	96.80000000000001
462	96.80000000000001
493	96.80000000000001
532	96.80000000000001
577	96.80000000000001
369	96.89999999999999
374	96.89999999999999
435	96.89999999999999
446	96.89999999999999
560	96.89999999999999
587	96.89999999999999
596	96.89999999999999
603	96.89999999999999
651	96.89999999999999
339	97.0
384	97.0
414	97.0
457	97.0
509	97.0
534	97.0
542	97.0
572	97.0
588	97.0
608	97.0
646	97.0
652	97.0
398	97.10000000000001
512	97.10000000000001
576	97.10000000000001
599	97.10000000000001
614	97.10000000000001
65	97.2
343	97.2
647	97.2
232	97.30000000000001
428	97.30000000000001
452	97.30000000000001
468	97.30000000000001
583	97.30000000000001
658	97.30000000000001
351	97.39999999999999
444	97.39999999999999
545	97.39999999999999
570	97.39999999999999
219	97.5
392	97.5
395	97.5
522	97.5
566	97.5
589	97.5
594	97.5
601	97.5
605	97.5
611	97.5
628	97.5
630	97.5
633	97.5
347	97.60000000000001
391	97.60000000000001
543	97.60000000000001
655	97.60000000000001
243	97.7
407	97.7
481	97.7
547	97.7
559	97.7
574	97.7
470	97.8
489	97.8
648	97.8
426	97.9
510	97.9
514	97.9
523	97.9
578	97.9
654	97.9
383	98.0
385	98.0
424	98.0
473	98.0
487	98.0
500	98.0
521	98.0
527	98.0
533	98.0
556	98.0
581	98.0
355	98.10000000000001
362	98.10000000000001
423	98.10000000000001
436	98.10000000000001
443	98.10000000000001
643	98.10000000000001
336	98.2
418	98.2
445	98.2
501	98.2
610	98.2
183	98.3
377	98.3
478	98.3
490	98.3
615	98.3
372	98.4
460	98.4
593	98.4
335	98.5
406	98.5
415	98.5
564	98.5
632	98.5
337	98.60000000000001
390	98.60000000000001
517	98.60000000000001
592	98.60000000000001
604	98.60000000000001
625	98.60000000000001
567	98.7
637	98.7
346	98.9
412	98.9
626	98.9
644	98.9
479	99.0
506	99.0
641	99.0
450	99.10000000000001
621	99.10000000000001
429	99.3
494	99.4
548	99.4
622	99.4
447	99.5
344	99.60000000000001
368	99.60000000000001
580	99.60000000000001
597	99.60000000000001
432	99.9
469	99.9
486	99.9
535	99.9
554	99.9
402	100.2
549	100.7
380	100.9
357	101.3
456	101.3
636	101.3
454	101.4
387	102.60000000000001
467	103.10000000000001
434	103.8
290	107.1
256	107.5
36	107.6
42	107.6
58	107.6
186	107.6
135	107.7
80	107.80000000000001
279	107.80000000000001
53	107.9
146	108.0
69	108.1
278	108.2
105	108.5
114	108.5
155	108.5
230	108.5
323	108.5
68	108.6
87	108.7
124	108.7
185	108.7
201	108.7
213	108.7
267	108.7
322	108.7
29	108.80000000000001
238	108.80000000000001
327	108.80000000000001
18	108.9
128	108.9
134	108.9
158	108.9
202	108.9
224	108.9
262	108.9
326	108.9
113	109.0
324	109.0
0	109.1
147	109.1
188	109.1
282	109.1
15	109.2
43	109.2
76	109.2
293	109.2
315	109.2
78	109.30000000000001
81	109.30000000000001
103	109.30000000000001
257	109.30000000000001
300	109.30000000000001
93	109.4
123	109.4
35	109.5
153	109.5
225	109.5
273	109.5
72	109.6
94	109.6
136	109.6
318	109.6
39	109.7
121	109.7
142	109.7
169	109.7
223	109.7
159	109.80000000000001
250	109.80000000000001
7	109.9
38	109.9
75	109.9
141	109.9
28	110.0
192	110.0
320	110.0
217	110.1
249	110.1
260	110.1
288	110.1
301	110.1
313	110.1
17	110.2
47	110.2
173	110.2
255	110.2
319	110.2
5	110.30000000000001
272	110.30000000000001
12	110.4
63	110.4
206	110.4
304	110.4
51	110.5
144	110.5
295	110.5
195	110.60000000000001
266	110.60000000000001
88	110.7
138	110.7
152	110.7
145	110.80000000000001
253	110.80000000000001
66	110.89999999999999
240	111.0
328	111.0
265	111.10000000000001
32	111.2
119	111.2
248	111.30000000000001
98	111.39999999999999
55	111.5
126	111.5
263	111.5
258	111.7
37	111.89999999999999
99	111.89999999999999
74	112.0
317	112.0
71	112.10000000000001
61	112.7
181	113.0
220	113.30000000000001
91	113.5
10	113.80000000000001
171	116.0
179	123.9
168	124.0
197	124.4
20	124.80000000000001
79	124.80000000000001
175	124.80000000000001
212	124.9
245	124.9
285	125.0
3	125.2
108	125.2
241	125.2
289	125.2
13	125.3
96	125.3
25	125.4
46	125.4
62	125.4
120	125.4
190	125.4
208	125.4
31	125.5
40	125.5
274	125.5
2	125.60000000000001
102	125.60000000000001
131	125.60000000000001
161	125.60000000000001
174	125.60000000000001
64	125.7
70	125.7
157	125.7
164	125.7
294	125.7
24	125.8
101	125.8
150	125.8
139	125.9
172	125.9
247	125.9
283	125.9
194	126.0
296	126.0
305	126.0
307	126.0
617	126.0
34	126.10000000000001
106	126.10000000000001
110	126.10000000000001
166	126.10000000000001
303	126.10000000000001
316	126.10000000000001
650	126.10000000000001
130	126.2
140	126.2
211	126.2
216	126.2
234	126.2
252	126.2
299	126.2
302	126.2
310	126.2
311	126.2
353	126.2
529	126.2
111	126.3
163	126.3
207	126.3
233	126.3
239	126.3
261	126.3
271	126.3
281	126.3
430	126.3
8	126.4
14	126.4
59	126.4
67	126.4
92	126.4
218	126.4
221	126.4
251	126.4
269	126.4
312	126.4
1	126.5
6	126.5
16	126.5
22	126.5
45	126.5
83	126.5
85	126.5
199	126.5
236	126.5
244	126.5
246	126.5
268	126.5
276	126.5
280	126.5
463	126.5
562	126.5
54	126.60000000000001
97	126.60000000000001
156	126.60000000000001
178	126.60000000000001
182	126.60000000000001
184	126.60000000000001
196	126.60000000000001
242	126.60000000000001
298	126.60000000000001
321	126.60000000000001
331	126.60000000000001
386	126.60000000000001
496	126.60000000000001
49	126.7
112	126.7
132	126.7
151	126.7
170	126.7
254	126.7
287	126.7
364	126.7
397	126.7
11	126.8
27	126.8
41	126.8
107	126.8
118	126.8
122	126.8
193	126.8
203	126.8
204	126.8
214	126.8
270	126.8
284	126.8
44	126.9
50	126.9
56	126.9
60	126.9
89	126.9
115	126.9
125	126.9
177	126.9
26	127.0
82	127.0
116	127.0
127	127.0
232	127.0
292	127.0
314	127.0
573	127.0
154	127.10000000000002
226	127.10000000000002
259	127.10000000000002
441	127.10000000000002
584	127.10000000000002
21	127.2
30	127.2
65	127.2
137	127.2
160	127.2
187	127.2
235	127.2
264	127.2
309	127.2
342	127.2
149	127.3
167	127.3
189	127.3
237	127.3
104	127.4
165	127.4
222	127.4
228	127.4
474	127.4
518	127.4
77	127.5
109	127.5
595	127.5
162	127.60000000000002
291	127.60000000000002
297	127.60000000000002
419	127.60000000000002
507	127.60000000000002
133	127.7
19	127.8
48	127.8
143	127.8
129	127.9
408	127.9
23	128.20000000000002
227	128.20000000000002
200	128.4
215	128.4
231	128.4
325	128.4
176	128.5
57	128.60000000000002
485	128.60000000000002
33	128.9
84	129.0
210	129.0
275	129.0
308	129.1
4	129.4
90	129.4
100	129.79999999999998
551	129.9
306	130.0
606	130.0
457	130.20000000000002
336	130.70000000000002
413	130.70000000000002
52	130.79999999999998
435	130.79999999999998
534	130.79999999999998
512	130.9
523	130.9
354	131.0
600	131.20000000000002
394	131.5
446	131.5
369	131.8
468	132.1
424	132.20000000000002
519	133.0
545	135.1
95	141.5
198	141.5
68	141.8
135	141.8
35	141.9
53	141.9
201	141.9
304	141.9
42	142.0
256	142.0
117	142.1
183	142.1
205	142.1
209	142.1
229	142.2
300	142.2
322	142.2
9	142.3
146	142.3
313	142.3
260	142.4
123	142.5
180	142.5
278	142.5
75	142.6
87	142.6
103	142.6
185	142.6
36	142.7
69	142.7
223	142.7
58	142.8
73	142.8
124	142.8
152	142.8
282	142.8
293	142.8
113	142.9
136	142.9
142	142.9
153	142.9
225	142.9
262	142.9
326	142.9
255	143.0
32	143.1
51	143.1
217	143.1
286	143.1
7	143.2
86	143.2
188	143.2
273	143.2
288	143.2
295	143.2
0	143.3
18	143.3
94	143.3
266	143.3
318	143.3
319	143.3
324	143.3
15	143.4
29	143.4
78	143.4
98	143.4
144	143.4
155	143.4
158	143.4
173	143.4
206	143.4
230	143.4
240	143.4
279	143.4
328	143.4
12	143.5
134	143.5
277	143.5
290	143.5
327	143.5
80	143.6
213	143.6
219	143.6
220	143.6
250	143.7
263	143.7
17	143.8
72	143.8
93	143.8
128	143.8
141	143.8
147	143.8
202	143.8
317	143.8
37	143.9
43	143.9
74	143.9
99	143.9
121	143.9
323	143.9
329	143.9
39	144.0
169	144.0
197	144.0
5	144.1
55	144.1
91	144.1
105	144.1
159	144.1
249	144.1
265	144.1
88	144.2
243	144.2
63	144.3
267	144.4
10	144.50000000000003
126	144.50000000000003
145	144.50000000000003
302	144.50000000000003
186	144.6
192	144.6
258	144.6
315	144.6
195	144.7
320	144.8
28	144.9
61	144.9
148	144.9
191	144.9
76	145.2
138	145.2
47	145.3
257	145.3
171	145.6
38	145.9
71	146.2
181	146.4
238	146.4
248	146.4
114	146.8
56	149.4
441	157.20000000000002
649	157.20000000000002
639	157.29999999999998
416	157.4
617	157.5
482	157.79999999999998
48	157.9
20	158.20000000000002
403	158.29999999999998
168	158.60000000000002
339	158.60000000000002
584	158.60000000000002
179	158.70000000000002
342	159.0
130	159.10000000000002
212	159.10000000000002
375	159.10000000000002
25	159.20000000000002
102	159.20000000000002
405	159.20000000000002
311	159.29999999999998
54	159.4
157	159.4
245	159.4
246	159.4
425	159.4
97	159.5
175	159.5
268	159.5
190	159.60000000000002
397	159.60000000000002
194	159.70000000000002
65	159.79999999999998
174	159.79999999999998
289	159.79999999999998
622	159.79999999999998
3	159.9
13	159.9
24	159.9
122	159.9
163	159.9
284	159.9
359	159.9
2	160.0
101	160.0
276	160.0
280	160.0
307	160.0
435	160.0
449	160.0
501	160.0
41	160.10000000000002
64	160.10000000000002
170	160.10000000000002
228	160.10000000000002
233	160.10000000000002
310	160.10000000000002
556	160.10000000000002
603	160.10000000000002
321	160.20000000000002
21	160.29999999999998
31	160.29999999999998
108	160.29999999999998
207	160.29999999999998
241	160.29999999999998
408	160.29999999999998
504	160.29999999999998
30	160.4
67	160.4
79	160.4
112	160.4
119	160.4
231	160.4
247	160.4
294	160.4
358	160.4
83	160.5
92	160.5
118	160.5
120	160.5
216	160.5
218	160.5
252	160.5
269	160.5
309	160.5
316	160.5
638	160.5
14	160.60000000000002
110	160.60000000000002
131	160.60000000000002
6	160.70000000000002
46	160.70000000000002
89	160.70000000000002
139	160.70000000000002
140	160.70000000000002
156	160.70000000000002
164	160.70000000000002
271	160.70000000000002
274	160.70000000000002
283	160.70000000000002
305	160.70000000000002
380	160.70000000000002
16	160.79999999999998
45	160.79999999999998
70	160.79999999999998
96	160.79999999999998
115	160.79999999999998
161	160.79999999999998
234	160.79999999999998
236	160.79999999999998
261	160.79999999999998
285	160.79999999999998
8	160.9
85	160.9
127	160.9
184	160.9
251	160.9
82	161.0
150	161.0
244	161.0
287	161.0
297	161.0
298	161.0
427	161.0
23	161.10000000000002
27	161.10000000000002
104	161.10000000000002
111	161.10000000000002
165	161.10000000000002
177	161.10000000000002
187	161.10000000000002
196	161.10000000000002
204	161.10000000000002
239	161.10000000000002
303	161.10000000000002
314	161.10000000000002
644	161.10000000000002
1	161.20000000000002
19	161.20000000000002
34	161.20000000000002
62	161.20000000000002
154	161.20000000000002
166	161.20000000000002
172	161.20000000000002
259	161.20000000000002
299	161.20000000000002
312	161.20000000000002
106	161.29999999999998
107	161.29999999999998
221	161.29999999999998
242	161.29999999999998
646	161.29999999999998
40	161.4
116	161.4
189	161.4
222	161.4
224	161.4
254	161.4
264	161.4
308	161.4
81	161.5
132	161.5
275	161.5
281	161.5
90	161.60000000000002
137	161.60000000000002
182	161.60000000000002
199	161.60000000000002
203	161.60000000000002
208	161.60000000000002
227	161.60000000000002
11	161.70000000000002
151	161.70000000000002
211	161.70000000000002
232	161.70000000000002
272	161.70000000000002
301	161.70000000000002
22	161.79999999999998
26	161.79999999999998
44	161.79999999999998
49	161.79999999999998
66	161.79999999999998
292	161.79999999999998
109	161.9
149	161.9
291	161.9
77	162.0
193	162.0
226	162.0
270	162.0
200	162.1
237	162.1
253	162.1
567	162.1
578	162.1
657	162.1
300	162.20000000000002
655	162.20000000000002
60	162.29999999999998
125	162.29999999999998
537	162.29999999999998
160	162.4
178	162.4
214	162.4
325	162.4
592	162.4
215	162.6
50	162.70000000000002
133	162.70000000000002
210	162.70000000000002
446	162.70000000000002
129	162.79999999999998
167	162.79999999999998
162	162.9
347	162.9
479	163.5
143	164.6
176	165.1
100	165.4
235	176.4
183	177.2
84	177.4
128	177.4
146	177.4
35	177.50000000000003
180	177.50000000000003
152	177.6
240	177.6
10	177.7
117	177.7
223	177.7
278	177.7
322	177.7
68	177.8
141	177.8
201	177.8
238	177.8
113	178.00000000000003
51	178.1
58	178.1
69	178.1
73	178.1
262	178.1
32	178.2
185	178.2
318	178.2
328	178.2
123	178.3
135	178.3
296	178.3
306	178.3
80	178.4
256	178.4
295	178.4
29	178.50000000000003
225	178.50000000000003
255	178.50000000000003
260	178.50000000000003
304	178.50000000000003
313	178.50000000000003
324	178.50000000000003
75	178.6
87	178.6
230	178.6
266	178.6
273	178.6
317	178.6
18	178.8
209	178.8
249	178.8
61	178.9
229	178.9
293	178.9
142	179.00000000000003
198	179.00000000000003
205	179.00000000000003
52	179.1
91	179.1
134	179.1
288	179.1
323	179.1
7	179.2
17	179.2
59	179.2
63	179.2
12	179.3
53	179.3
78	179.3
192	179.3
265	179.3
302	179.3
36	179.4
39	179.4
42	179.4
98	179.4
124	179.4
159	179.4
217	179.4
279	179.4
74	179.50000000000003
144	179.50000000000003
258	179.6
326	179.6
37	179.7
99	179.7
145	179.7
55	179.8
95	179.8
173	179.8
188	179.8
197	179.9
206	179.9
250	179.9
126	180.1
171	180.1
57	180.2
88	180.2
220	180.2
93	180.3
195	180.3
103	180.50000000000003
121	180.50000000000003
155	180.50000000000003
15	180.6
263	180.6
327	180.6
0	180.9
33	181.1
94	181.1
43	181.3
282	181.3
290	181.50000000000003
72	181.7
243	181.8
56	181.9
147	181.9
5	182.2
248	182.6
438	187.2
526	188.0
394	188.2
493	188.5
625	189.0
650	189.60000000000002
496	190.29999999999998
515	191.0
606	191.0
595	191.29999999999998
353	192.20000000000002
573	193.20000000000002
430	193.70000000000002
212	194.9
241	194.9
257	194.9
190	195.0
168	195.1
20	195.4
179	195.4
213	195.6
329	195.6
161	195.70000000000002
311	195.70000000000002
102	195.8
245	195.8
174	195.9
70	196.0
252	196.0
76	196.1
110	196.1
218	196.1
284	196.1
300	196.1
319	196.1
13	196.20000000000002
31	196.20000000000002
54	196.20000000000002
65	196.20000000000002
139	196.20000000000002
163	196.20000000000002
207	196.20000000000002
271	196.20000000000002
274	196.20000000000002
280	196.20000000000002
289	196.20000000000002
2	196.3
175	196.3
285	196.3
307	196.3
108	196.4
177	196.4
194	196.4
254	196.4
21	196.5
24	196.5
28	196.5
97	196.5
150	196.5
158	196.5
247	196.5
269	196.5
9	196.6
79	196.6
85	196.6
96	196.6
106	196.6
140	196.6
219	196.6
221	196.6
234	196.6
244	196.6
276	196.6
41	196.70000000000002
67	196.70000000000002
153	196.70000000000002
232	196.70000000000002
287	196.70000000000002
316	196.70000000000002
4	196.8
6	196.8
34	196.8
44	196.8
45	196.8
107	196.8
120	196.8
122	196.8
130	196.8
154	196.8
164	196.8
166	196.8
303	196.8
309	196.8
118	196.9
131	196.9
251	196.9
315	196.9
11	197.0
25	197.0
46	197.0
101	197.0
193	197.0
298	197.0
64	197.1
111	197.1
199	197.1
202	197.1
216	197.1
267	197.1
30	197.20000000000002
40	197.20000000000002
89	197.20000000000002
228	197.20000000000002
3	197.3
8	197.3
48	197.3
77	197.3
184	197.3
187	197.3
204	197.3
242	197.3
314	197.3
320	197.3
22	197.4
50	197.4
83	197.4
1	197.5
115	197.5
233	197.5
283	197.5
297	197.5
321	197.5
47	197.6
112	197.6
203	197.6
281	197.6
294	197.6
82	197.70000000000002
137	197.70000000000002
151	197.70000000000002
156	197.70000000000002
210	197.70000000000002
211	197.70000000000002
104	197.8
172	197.8
189	197.8
261	197.8
16	197.9
27	197.9
138	197.9
182	197.9
231	197.9
275	197.9
305	197.9
116	198.0
132	198.0
149	198.0
165	198.0
227	198.0
237	198.0
264	198.0
270	198.0
292	198.0
60	198.1
160	198.1
136	198.20000000000002
222	198.20000000000002
148	198.3
214	198.3
236	198.3
299	198.3
181	198.4
308	198.4
71	198.5
105	198.5
127	198.5
226	198.5
170	198.6
268	198.6
259	198.70000000000002
167	198.8
208	198.8
157	198.9
49	199.0
62	199.20000000000002
186	199.4
38	199.6
86	199.8
26	199.9
169	200.70000000000002
223	213.3
201	213.9
146	214.00000000000003
312	214.2
135	214.4
183	214.4
113	214.7
238	214.7
10	214.8
246	214.8
322	214.8
91	215.10000000000002
128	215.10000000000002
209	215.10000000000002
92	215.2
256	215.2
32	215.3
69	215.3
87	215.3
109	215.3
84	215.4
142	215.4
152	215.4
230	215.4
29	215.5
249	215.5
90	215.60000000000002
117	215.60000000000002
279	215.60000000000002
42	215.7
78	215.7
185	215.7
196	215.7
295	215.7
72	215.8
80	215.8
293	215.8
304	215.8
313	215.8
326	215.8
17	215.9
265	215.9
58	216.0
74	216.0
266	216.0
324	216.10000000000002
75	216.2
98	216.2
145	216.2
155	216.2
14	216.3
39	216.3
73	216.3
95	216.3
119	216.3
159	216.3
171	216.3
178	216.3
188	216.3
278	216.3
61	216.4
173	216.4
225	216.4
235	216.4
239	216.4
291	216.4
317	216.4
23	216.5
53	216.5
195	216.5
215	216.5
220	216.5
310	216.5
36	216.60000000000002
217	216.60000000000002
328	216.60000000000002
12	216.7
51	216.7
273	216.7
0	216.8
68	216.8
260	216.9
133	217.0
88	217.10000000000002
205	217.10000000000002
5	217.2
19	217.2
143	217.2
323	217.2
325	217.2
100	217.3
126	217.3
134	217.3
327	217.3
7	217.4
18	217.4
56	217.4
125	217.4
93	217.5
94	217.5
229	217.5
302	217.5
206	217.60000000000002
37	217.7
162	217.7
15	217.9
192	217.9
255	217.9
63	218.0
99	218.0
144	218.0
141	218.2
198	218.2
121	218.3
277	218.3
282	218.3
272	218.60000000000002
258	219.60000000000002
55	219.7
123	220.0
250	220.10000000000002
52	220.2
103	220.3
253	220.5
243	220.7
408	223.9
35	231.8
54	233.0
194	233.20000000000002
65	233.3
139	233.3
21	233.6
131	233.70000000000002
288	233.70000000000002
175	233.8
271	233.8
318	233.8
43	233.9
161	233.9
106	234.0
216	234.0
227	234.0
46	234.1
120	234.20000000000002
150	234.20000000000002
212	234.20000000000002
262	234.20000000000002
6	234.40000000000003
190	234.40000000000003
287	234.40000000000003
164	234.5
240	234.5
307	234.5
50	234.6
67	234.6
168	234.6
199	234.6
276	234.6
280	234.6
285	234.6
296	234.6
298	234.6
116	234.70000000000002
127	234.70000000000002
177	234.8
197	234.8
232	234.8
300	234.8
83	234.9
160	234.9
269	234.9
311	234.9
315	234.9
24	235.0
31	235.0
89	235.0
40	235.1
104	235.1
204	235.1
274	235.1
303	235.1
182	235.20000000000002
247	235.20000000000002
289	235.20000000000002
214	235.3
221	235.3
1	235.4
149	235.4
174	235.4
28	235.5
59	235.5
115	235.5
170	235.5
297	235.5
45	235.6
226	235.6
237	235.6
248	235.6
254	235.6
309	235.6
203	235.8
252	235.8
259	235.8
270	235.8
82	235.9
112	235.9
184	235.9
283	235.9
314	235.9
193	236.0
60	236.1
130	236.1
151	236.1
172	236.1
292	236.1
305	236.1
148	236.20000000000002
76	236.3
85	236.3
129	236.3
210	236.3
236	236.3
241	236.3
284	236.3
137	236.4
308	236.4
140	236.5
245	236.5
251	236.5
294	236.6
16	236.70000000000002
110	236.70000000000002
122	236.70000000000002
228	236.70000000000002
242	236.70000000000002
281	236.70000000000002
44	236.9
261	237.0
105	237.3
187	237.3
218	237.3
231	237.3
306	237.3
41	237.4
118	237.4
166	237.5
27	237.6
179	237.6
320	237.6
49	237.70000000000002
97	237.70000000000002
138	237.9
96	238.0
11	238.20000000000002
163	238.6
111	238.70000000000002
20	238.8
107	238.8
22	239.3
71	239.8
10	252.1
32	252.1
98	252.20000000000002
87	252.3
319	252.5
290	252.6
238	252.70000000000002
13	252.9
275	252.9
64	253.1
186	253.3
208	253.3
108	253.4
135	253.4
223	253.4
249	253.5
9	253.6
132	253.70000000000005
207	253.70000000000005
234	253.70000000000005
264	253.70000000000005
154	253.8
260	253.8
72	253.9
165	253.9
183	253.9
185	253.9
304	254.0
244	254.1
17	254.20000000000005
61	254.20000000000005
117	254.20000000000005
152	254.20000000000005
201	254.20000000000005
209	254.20000000000005
220	254.20000000000005
102	254.3
124	254.3
142	254.3
7	254.4
34	254.4
39	254.4
73	254.4
77	254.4
293	254.4
324	254.4
25	254.5
62	254.5
299	254.5
0	254.6
141	254.6
326	254.6
265	254.70000000000005
328	254.70000000000005
101	254.8
128	254.8
316	254.8
30	254.9
84	254.9
205	254.9
263	254.9
317	254.9
155	255.0
225	255.0
94	255.1
171	255.1
256	255.1
2	255.20000000000005
18	255.20000000000005
78	255.20000000000005
156	255.20000000000005
70	255.3
121	255.3
192	255.3
79	255.4
181	255.4
188	255.4
198	255.4
51	255.5
53	255.5
93	255.5
173	255.5
48	255.70000000000005
295	255.8
33	255.9
159	255.9
5	256.0
12	256.0
55	256.0
219	256.0
8	256.20000000000005
233	256.20000000000005
74	256.3
278	256.3
66	256.40000000000003
342	256.5
267	256.59999999999997
29	256.8
65	256.8
153	256.8
189	256.8
282	256.8
222	256.90000000000003
99	257.0
321	257.09999999999997
145	257.20000000000005
86	257.3
215	257.40000000000003
144	257.8
75	258.09999999999997
325	258.2
176	258.59999999999997
88	260.8
268	270.2
279	270.90000000000003
235	271.29999999999995
3	271.7
54	272.0
21	272.1
194	272.29999999999995
42	272.5
266	272.7
273	272.7
161	272.79999999999995
50	272.90000000000003
69	272.90000000000003
212	272.90000000000003
226	272.90000000000003
150	273.0
175	273.1
204	273.1
230	273.29999999999995
26	273.40000000000003
164	273.40000000000003
193	273.40000000000003
240	273.40000000000003
322	273.40000000000003
68	273.5
83	273.5
127	273.5
149	273.5
182	273.5
15	273.6
28	273.6
116	273.6
120	273.6
131	273.6
139	273.6
160	273.6
146	273.7
227	273.7
313	273.7
6	273.79999999999995
113	273.79999999999995
262	273.79999999999995
92	273.90000000000003
123	273.90000000000003
206	273.90000000000003
281	273.90000000000003
280	274.0
36	274.1
237	274.1
303	274.1
63	274.2
271	274.2
284	274.2
19	274.29999999999995
56	274.29999999999995
174	274.40000000000003
270	274.40000000000003
314	274.40000000000003
327	274.40000000000003
195	274.5
292	274.5
37	274.6
58	274.6
255	274.6
259	274.6
276	274.6
287	274.6
302	274.6
31	274.7
91	274.7
250	274.7
298	274.7
232	274.8
151	274.90000000000003
216	274.90000000000003
288	274.90000000000003
126	275.0
217	275.0
248	275.0
269	275.0
274	275.0
309	275.0
85	275.1
197	275.1
236	275.1
241	275.2
89	275.3
105	275.3
106	275.3
134	275.3
221	275.3
247	275.3
291	275.3
109	275.40000000000003
138	275.40000000000003
177	275.40000000000003
184	275.40000000000003
211	275.40000000000003
118	275.5
140	275.5
178	275.6
218	275.6
243	275.6
27	275.7
199	275.7
254	275.7
41	275.90000000000003
251	275.90000000000003
214	276.0
315	276.0
1	276.1
60	276.1
231	276.1
80	276.2
104	276.2
137	276.2
170	276.2
228	276.2
38	276.3
115	276.3
239	276.40000000000003
190	276.7
203	276.7
167	277.1
122	277.2
258	277.5
107	277.7
16	277.8
200	277.90000000000003
283	278.0
436	280.2
381	280.90000000000003
392	281.0
403	281.5
370	282.0
535	282.1
469	282.3
645	282.3
491	282.40000000000003
623	282.40000000000003
447	282.6
458	282.7
480	282.7
348	282.90000000000003
579	283.1
656	284.0
612	284.4
337	284.6
359	284.7
307	292.3
312	292.4
87	292.50000000000006
323	292.6
32	292.7
10	292.9
326	293.2
130	293.4
249	293.4
304	293.4
20	293.50000000000006
141	293.50000000000006
252	293.6
293	293.7
163	293.8
17	293.9
39	294.2
61	294.2
168	294.3
179	294.3
242	294.3
94	294.4
97	294.4
43	294.50000000000006
49	294.50000000000006
72	294.6
110	294.7
238	294.7
295	294.7
225	294.8
183	294.9
82	295.00000000000006
308	295.00000000000006
317	295.00000000000006
171	295.2
318	295.2
207	295.4
11	295.50000000000006
44	295.50000000000006
187	295.6
319	295.6
22	296.00000000000006
52	296.00000000000006
93	296.00000000000006
0	296.3
173	296.3
261	296.3
282	296.3
320	296.4
132	296.50000000000006
260	296.50000000000006
30	296.6
77	296.6
162	296.8
73	296.9
98	297.1
108	297.2
172	297.2
96	298.2
297	298.2
159	298.5
305	300.8
65	311.9
202	312.20000000000005
257	312.59999999999997
135	312.70000000000005
76	313.0
48	313.09999999999997
54	313.09999999999997
285	313.3
216	313.4
6	313.5
84	313.5
208	313.59999999999997
241	313.59999999999997
287	313.59999999999997
21	313.8
116	313.90000000000003
161	313.90000000000003
164	313.90000000000003
83	314.0
182	314.09999999999997
50	314.20000000000005
102	314.20000000000005
194	314.20000000000005
271	314.20000000000005
120	314.3
227	314.3
74	314.40000000000003
223	314.40000000000003
328	314.40000000000003
160	314.5
215	314.5
314	314.5
150	314.59999999999997
324	314.59999999999997
67	314.70000000000005
117	314.70000000000005
118	314.70000000000005
139	314.8
197	314.8
28	314.90000000000003
127	314.90000000000003
142	314.90000000000003
149	314.90000000000003
193	314.90000000000003
204	314.90000000000003
41	315.0
154	315.20000000000005
128	315.3
236	315.3
244	315.3
7	315.40000000000003
303	315.40000000000003
309	315.40000000000003
292	315.5
45	315.59999999999997
155	315.59999999999997
226	315.59999999999997
5	315.70000000000005
228	315.70000000000005
23	315.8
85	315.8
217	315.8
237	315.8
265	315.8
192	315.90000000000003
250	315.90000000000003
209	316.0
275	316.0
63	316.09999999999997
129	316.09999999999997
259	316.20000000000005
296	316.20000000000005
195	316.3
221	316.40000000000003
29	316.5
40	316.5
272	316.5
60	316.59999999999997
184	316.59999999999997
198	316.59999999999997
269	316.59999999999997
51	316.8
151	316.8
18	316.90000000000003
247	316.90000000000003
270	316.90000000000003
165	317.0
220	317.0
12	317.09999999999997
281	317.09999999999997
315	317.40000000000003
95	317.5
280	317.8
71	318.20000000000005
206	318.40000000000003
88	318.59999999999997
248	318.59999999999997
104	319.09999999999997
181	319.70000000000005
186	320.40000000000003
115	321.0
274	333.2
304	333.40000000000003
260	333.8
268	333.90000000000003
61	334.1
218	334.40000000000003
249	334.40000000000003
293	334.40000000000003
39	334.7
87	334.7
17	334.8
32	334.90000000000003
171	335.1
174	335.1
94	335.5
126	335.6
255	335.7
325	335.8
107	335.90000000000003
326	335.90000000000003
72	336.0
8	336.1
10	336.1
30	336.40000000000003
105	336.5
283	336.7
137	337.0
205	337.0
284	337.0
212	337.1
214	337.29999999999995
298	337.29999999999995
203	337.5
266	337.7
316	337.7
173	338.0
225	338.29999999999995
55	338.6
99	338.7
261	339.7
54	353.9
238	354.6
282	354.8
31	354.9
251	354.9
216	355.1
131	355.2
183	355.50000000000006
252	355.6
317	356.00000000000006
65	356.4
262	356.50000000000006
37	356.6
41	356.7
170	357.00000000000006
96	357.2
161	357.3
227	357.3
292	357.4
74	357.50000000000006
193	357.6
50	357.8
281	357.9
19	358.00000000000006
130	358.00000000000006
294	358.00000000000006
82	358.2
132	358.2
63	358.4
314	358.4
149	358.50000000000006
6	358.6
140	358.6
195	358.6
56	358.7
228	358.9
309	358.9
231	359.00000000000006
236	359.00000000000006
160	359.1
93	359.3
85	359.4
159	359.4
270	359.8
121	359.9
83	360.9
307	373.8
241	374.20000000000005
293	374.5
285	374.6
21	375.70000000000005
315	375.8
249	376.0
7	376.1
313	376.20000000000005
184	376.4
206	376.4
269	376.4
194	376.5
217	376.5
271	376.5
304	376.5
326	376.5
318	376.8
230	376.9
250	376.9
98	377.0
17	377.20000000000005
173	377.20000000000005
197	377.20000000000005
118	377.3
327	377.5
151	377.59999999999997
328	377.8
40	377.90000000000003
30	378.0
117	378.09999999999997
303	378.09999999999997
226	378.3
305	378.40000000000003
247	378.5
287	378.5
232	378.59999999999997
15	378.90000000000003
106	378.90000000000003
107	379.09999999999997
139	379.09999999999997
150	379.20000000000005
154	379.20000000000005
295	379.3
110	379.5
128	379.70000000000005
237	379.70000000000005
280	379.8
0	380.09999999999997
22	380.09999999999997
163	380.09999999999997
259	380.40000000000003
272	381.3
32	395.5
10	395.6
65	396.1
260	397.1
87	397.3
261	398.0
162	398.1
208	398.7
298	398.7
54	399.2
84	399.2
41	399.7
195	399.7
18	399.8
74	399.8
239	399.8
171	400.0
174	400.0
96	400.1
126	400.1
283	400.1
88	400.3
49	400.5
51	401.40000000000003
182	401.5
216	401.7
99	402.2
316	403.1
307	416.7
109	418.4
21	418.50000000000006
184	419.3
129	419.8
140	419.8
225	419.8
128	420.00000000000006
173	420.00000000000006
304	420.00000000000006
227	420.1
7	420.2
63	420.2
151	420.2
282	420.50000000000006
293	420.6
29	420.9
50	421.2
204	421.2
85	421.3
6	421.4
44	421.4
217	421.4
22	421.50000000000006
324	421.6
294	421.7
193	421.9
314	421.9
238	422.00000000000006
292	422.00000000000006
55	422.2
73	422.6
309	423.00000000000006
287	423.1
137	423.2
11	423.4
149	423.4
39	423.50000000000006
60	423.8
236	424.1
206	424.7
281	424.8
230	437.3
274	437.6
241	438.0
252	438.1
65	439.1
10	440.0
98	440.20000000000005
507	441.0
326	441.4
32	441.5
120	442.90000000000003
160	442.90000000000003
303	443.0
52	443.09999999999997
30	443.3
271	443.5
72	443.59999999999997
215	443.59999999999997
17	443.90000000000003
106	443.90000000000003
195	443.90000000000003
198	444.0
226	444.0
270	444.3
61	444.40000000000003
83	444.90000000000003
40	445.70000000000005
259	446.59999999999997
249	446.70000000000005
197	460.8
54	461.3
285	462.7
261	463.0
116	463.1
21	463.3
260	463.5
127	463.90000000000003
171	463.90000000000003
327	463.90000000000003
94	464.2
173	464.40000000000003
250	464.40000000000003
6	464.5
193	464.5
18	464.90000000000003
182	465.1
41	465.2
117	465.3
107	465.40000000000003
304	465.6
316	465.7
50	465.90000000000003
298	465.90000000000003
74	466.7
184	467.0
151	467.7
220	470.3
296	483.7
140	485.7
228	486.00000000000006
206	486.2
96	486.4
217	486.4
118	486.50000000000006
63	486.7
39	487.3
195	487.4
149	487.7
305	487.8
85	487.9
309	488.00000000000006
61	488.2
292	488.2
314	488.7
204	488.8
294	490.7
252	503.50000000000006
32	505.70000000000005
230	505.8
208	506.70000000000005
146	506.8
65	507.50000000000006
190	507.6
69	507.90000000000003
326	507.90000000000003
41	508.0
241	508.09999999999997
274	508.09999999999997
30	508.2
91	508.4000000000001
327	508.50000000000006
184	508.6
216	508.70000000000005
7	509.0
201	509.09999999999997
173	509.8
160	510.0
212	510.09999999999997
293	510.2
287	510.90000000000003
232	511.0
303	511.4000000000001
193	512.3
234	512.6
83	513.1999999999999
54	527.4
307	527.5000000000001
223	527.8000000000001
124	528.0
135	528.0
285	528.0
21	528.1
10	528.2
142	528.2
98	528.3
197	528.3
157	528.4
102	528.5000000000001
120	528.8000000000001
87	529.0
131	529.0
219	529.1
164	529.2
175	529.2
58	529.4
80	529.6
278	529.6
261	530.6
113	530.7
217	530.7
316	530.8000000000001
162	531.0
171	531.1
28	531.4
74	531.4
179	531.6
116	531.9
228	532.2
206	532.8000000000001
304	532.8000000000001
250	532.9
314	533.7
72	534.1
50	534.2
248	535.6
65	550.2
32	550.4
25	550.5
109	551.1
36	552.4
43	552.5
69	552.6
168	553.0
195	553.1
3	553.3
173	553.8000000000001
85	554.0
184	554.4
63	554.6
182	554.6
146	554.9000000000001
140	555.0
18	555.3
204	555.6
292	559.5
241	574.8
21	575.2
91	575.3000000000001
256	575.8
201	576.8
118	577.3000000000001
283	577.8
316	578.3000000000001
151	578.9000000000001
217	580.0000000000001
285	595.1
252	596.7
212	597.2
94	597.4
223	597.4
135	597.7
160	598.2
193	598.4
149	598.5
261	598.5
179	598.7
184	598.8
195	598.8
61	598.9
190	599.1
327	599.1
228	599.2
50	599.3000000000001
72	599.3000000000001
74	599.3000000000001
206	599.4
173	599.7
303	599.7
250	599.8
182	599.9
96	600.1
157	600.3000000000001
204	600.3000000000001
85	600.4
226	600.6
63	600.7
237	600.7
309	600.8
30	600.9
107	601.3000000000001
270	601.7
314	601.8
127	603.5
294	603.8
58	620.9
83	620.9
292	621.4000000000001
215	621.7
171	621.8
39	622.6
281	623.1999999999999
116	623.3000000000001
3	644.0
182	645.5000000000001
217	646.0
69	646.3
195	646.3
80	647.1999999999999
220	647.1999999999999
261	647.1999999999999
250	647.5000000000001
228	647.6
184	647.9
96	648.5000000000001
94	648.6
41	649.6
230	664.1
285	667.0
187	668.1
65	669.2
274	669.2
0	670.1
193	670.3
309	671.7
314	672.0
296	688.8000000000001
318	689.0
241	689.2
204	690.8000000000001
270	691.2
149	691.9000000000001
72	692.0
127	692.0
11	692.1
231	692.6999999999999
303	692.9000000000001
83	693.1
264	693.3000000000001
242	694.4
179	695.3000000000001
171	695.6
292	695.9000000000001
252	711.5
54	712.1
32	713.1
7	714.8
198	715.8
18	716.1
61	737.6
39	737.9
116	738.5
160	738.7
316	738.7
173	738.8
94	739.3000000000001
261	739.3000000000001
184	739.4000000000001
195	739.4000000000001
250	740.0999999999999
63	741.0999999999999
96	741.4000000000001
228	741.5
85	742.7
30	745.0
72	760.3000000000001
127	760.9
17	761.0
105	761.0
50	761.1
83	761.1
171	761.1999999999999
18	762.3000000000001
149	762.3000000000001
138	762.4000000000001
182	762.9
231	785.3
242	785.8000000000001
316	786.7
173	786.8000000000001
220	786.8000000000001
195	787.2
7	787.6
327	787.6
77	788.7
32	807.3
10	807.6
21	808.4
261	809.5
209	810.6
107	811.3
63	811.4
85	812.9000000000001
54	830.3000000000001
74	834.4
96	834.4
206	834.5
184	835.4
118	835.5
41	836.0000000000001
217	837.4
195	837.9000000000001
228	840.4
30	840.8
87	856.0000000000001
171	856.2
127	856.5
149	857.5
116	858.9
287	859.1
85	886.3000000000001
32	900.6
10	901.3
63	908.4000000000001
98	923.8000000000001
87	926.7
41	930.1
30	931.0
74	931.8000000000001
54	947.0
65	947.0
10	947.6
131	949.3000000000001
21	949.9000000000001
58	950.7
32	971.5
18	972.5
194	972.8
227	973.9000000000001
283	974.1
40	974.2
327	974.3000000000001
316	974.6
261	975.6
51	976.4
106	976.4
294	977.4
98	994.5
3	995.9
54	996.4000000000001
80	997.0
25	997.1
36	997.2
69	998.4000000000001
7	999.1
309	1000.1999999999999
131	1019.9
76	1020.5999999999999
87	1041.6000000000001
58	1045.8
121	1049.6000000000001
0	1050.3
25	1068.7
21	1069.7
69	1070.0
80	1071.8
298	1071.8
77	1075.2
74	1075.6000000000001
98	1090.4
187	1092.5
165	1093.0
309	1093.8000000000002
65	1094.1000000000001
198	1094.7
209	1094.8999999999999
85	1095.9
99	1097.5000000000002
131	1111.5000000000002
120	1112.0
87	1112.2
142	1113.6000000000001
54	1114.1000000000001
32	1114.4
287	1119.2
11	1120.8
79	1134.2
36	1138.4
10	1138.5
80	1140.4
91	1141.1
87	1162.3000000000002
65	1163.1
98	1185.5
118	1189.4
41	1192.2
74	1194.1000000000001
32	1209.8999999999999
131	1212.3000000000002
30	1215.5
32	1256.1
98	1256.8000000000002
65	1257.7
21	1259.0
195	1262.0
217	1284.5
69	1284.8000000000002
317	1286.0
184	1286.3
228	1286.6
261	1287.9
151	1289.0000000000002
244	1302.3999999999999
288	1303.2
233	1303.4
54	1306.6
65	1307.0000000000002
135	1310.8999999999999
63	1334.3
35	1349.1
123	1349.8000000000002
90	1350.0
156	1350.6
46	1351.4
233	1352.7
277	1353.4
242	1356.7
30	1357.6000000000001
85	1360.1000000000001
145	1373.4
266	1374.9
101	1375.1
268	1376.2
238	1403.1
10	1427.2
85	1427.8
118	1427.9
74	1428.0000000000002
63	1428.1000000000001
96	1429.8
151	1430.0000000000002
41	1430.8
261	1430.9
107	1451.6
129	1452.8
217	1452.8
279	1473.5
327	1475.7
63	1476.6000000000001
184	1476.8000000000002
96	1477.0
74	1477.5
118	1477.5
140	1477.8
206	1478.1
85	1478.2
173	1478.2
151	1479.1000000000001
294	1481.1000000000001
30	1499.8
195	1499.9
107	1500.4
250	1501.0
41	1501.2
8	1501.5
228	1502.3
74	1523.1000000000001
118	1523.1000000000001
63	1523.5
261	1524.0
85	1524.2
52	1524.3
239	1524.3
96	1525.0
129	1525.2
217	1525.3000000000002
151	1526.8000000000002
32	1545.4
30	1573.3000000000002
228	1574.2
92	1615.0
26	1616.7
0	1619.7
11	1621.0
284	1621.4
121	1622.3
77	1641.8000000000002
88	1642.9
298	1643.0
22	1643.3999999999999
99	1643.5000000000002
110	1643.5000000000002
309	1644.4
41	1645.5000000000002
261	1648.8
77	1694.1000000000001
0	1694.7
30	1714.8
58	1715.5
88	1715.8999999999999
118	1716.2
206	1717.6
55	1717.7
96	1717.7
110	1719.8999999999999
74	1722.1000000000001
22	1741.6
77	1741.7
41	1743.6
217	1762.0
118	1763.1000000000001
261	1763.3
250	1763.9
309	1854.5
261	1858.5
327	1859.0
266	1899.1
244	1899.9
65	1901.4
142	1904.2
120	1905.5000000000002
255	1921.2
299	1925.7
111	1926.0000000000002
120	1975.8999999999999
122	1996.1
89	2018.8999999999999
131	2069.8
302	2092.3
120	2094.1
233	2139.9
120	2165.0
131	2188.2000000000003
184	2191.5
228	2191.6000000000004
118	2193.5
63	2197.0
3	2211.0000000000005
173	2214.8
217	2215.6000000000004
96	2216.7
287	2237.0
144	2328.2000000000003
276	2332.6000000000004
298	2356.9
63	2359.9
85	2386.0
74	2386.3
41	2388.1
30	2408.8
85	2432.6000000000004
74	2454.1
63	2458.2000000000003
41	2479.9
118	2479.9
96	2481.6000000000004
85	2503.2
30	2503.3
74	2504.0
246	2519.6
135	2519.8
36	2543.4
69	2564.4
80	2564.5
113	2564.5
146	2564.5
25	2564.7999999999997
91	2565.1
47	2565.3
135	2565.7
157	2565.8
3	2566.4
102	2566.4
179	2566.9
36	2637.2
25	2638.2000000000003
25	2733.4
91	2734.4
41	2742.2
145	2862.3
63	2910.6
25	3141.4
25	3234.5
36	3256.2000000000003
91	3256.4
3	3256.6
102	3256.8
168	3257.7000000000003
146	3257.8
58	3258.0
190	3258.2
113	3258.3
157	3259.0000000000005
135	3259.6000000000004
80	3260.5
304	3267.7
25	3280.9
47	3280.9
14	3281.8
69	3282.6
233	3287.0000000000005
13	3333.7000000000003
284	3382.1000000000004
116	3467.5
328	3481.4
112	3692.4
145	3693.7999999999997
156	3694.3
233	3714.3
222	3714.7
211	3715.4
189	3715.7
134	3738.7000000000003
101	3739.9
145	3740.2999999999997
167	3740.2999999999997
156	3742.5
123	3764.0
178	3764.1
145	3810.1000000000004
190	3832.5
179	3832.8
79	3836.4
13	3837.1000000000004
135	3853.4
168	3853.4
146	3854.7000000000003
113	3854.7999999999997
157	3854.9
91	3855.1
102	3856.1
101	3857.6
112	3859.8
123	3859.8
35	3880.7
311	3881.7000000000003
2	3882.2
13	3882.3
24	3882.9
68	3884.1
156	3886.0
233	3886.0
145	3909.0
314	3949.8
137	3977.6000000000004
145	4150.700000000001
156	4222.2
101	4363.1
577	4389.9
322	4457.4
278	4457.5
13	4457.900000000001
311	4458.6
300	4458.7
289	4459.6
2	4481.2
35	4481.7
46	4482.6
322	4554.700000000001
42	4608.3
89	4613.2
20	4632.400000000001
522	4645.1
53	4681.500000000001
101	4746.700000000001
89	4750.500000000001
45	4869.900000000001
24	4908.5
101	4910.200000000001
123	4910.3
112	4911.400000000001
35	4931.099999999999
46	4934.0
13	4956.1
79	4957.3
24	4957.8
68	4960.6
156	4965.3
112	5029.4
254	5032.1
276	5032.3
1	5032.6
222	5033.2
287	5033.2
34	5033.5
67	5033.700000000001
133	5033.700000000001
144	5033.9
78	5034.400000000001
122	5034.7
233	5034.8
45	5035.0
56	5035.0
100	5035.3
211	5035.7
89	5036.0
292	5049.8
123	5050.900000000001
101	5052.3
46	5053.0
2	5054.3
12	5057.5
131	5060.2
79	5072.099999999999
68	5072.3
57	5073.8
314	5074.4
156	5074.7
270	5075.200000000001
13	5076.2
93	5078.5
112	5079.1
89	5081.1
78	5082.4
120	5083.4
142	5084.900000000001
98	5086.700000000001
7	5087.400000000001
32	5087.7
297	5090.3
90	5098.3
245	5098.4
256	5101.0
131	5106.1
153	5107.4
109	5108.700000000001
35	5118.8
2	5119.900000000001
46	5121.1
289	5122.2
87	5132.0
270	5142.9
281	5143.1
259	5143.3
13	5143.400000000001
267	5144.7
314	5144.9
45	5149.900000000001
67	5150.599999999999
120	5152.7
142	5153.0
131	5154.0
78	5154.2
49	5164.8
280	5165.1
303	5165.500000000001
24	5166.2
276	5171.700000000001
82	5186.3
311	5188.1
256	5188.5
237	5188.8
248	5188.8
193	5189.099999999999
289	5189.4
35	5189.7
292	5190.2
13	5193.1
226	5194.1
279	5203.0
290	5203.8
268	5203.9
235	5205.0
257	5205.4
245	5212.000000000001
2	5212.1
259	5234.4
314	5234.500000000001
270	5234.6
237	5236.8
228	5261.8
217	5280.5
60	5280.8
226	5281.000000000001
82	5281.3
261	5281.3
104	5281.400000000001
173	5282.6
270	5284.6
193	5305.1
281	5306.7
237	5328.8
101	5334.1
56	5334.8
45	5336.400000000001
1	5340.1
127	5347.1
50	5347.2
94	5347.9
39	5348.2
105	5350.2
226	5374.3
204	5374.700000000001
149	5374.900000000001
303	5375.1
259	5375.900000000001
78	5385.000000000001
56	5386.5
83	5395.700000000001
72	5396.7
94	5396.799999999999
34	5408.0
45	5408.3
308	5414.000000000001
209	5414.7
220	5415.1
231	5415.900000000001
275	5416.400000000001
242	5416.8
182	5421.0
319	5435.599999999999
32	5438.400000000001
193	5441.7
12	5457.3
297	5460.3
171	5466.200000000001
182	5466.5
233	5473.1
34	5474.7
5	5490.4
204	5490.4
65	5491.8
45	5497.1
67	5499.0
78	5499.400000000001
56	5499.8
23	5500.6
211	5502.1
178	5502.7
60	5508.6
193	5512.0
182	5513.7
237	5515.8
228	5517.700000000001
189	5519.4
18	5520.0
112	5520.0
222	5521.5
200	5521.6
89	5525.0
12	5528.2
316	5534.1
327	5535.200000000001
239	5535.900000000001
261	5536.0
7	5536.1
217	5536.3
250	5536.9
283	5537.0
51	5538.3
294	5538.400000000001
305	5538.5
84	5539.000000000001
29	5539.1
40	5539.8
62	5541.8
233	5542.7
156	5544.400000000001
34	5546.8
45	5546.9
1	5550.1
54	5553.0
32	5554.200000000001
175	5554.5
208	5554.5
10	5554.700000000001
18	5560.599999999999
206	5560.599999999999
184	5561.7
314	5563.000000000001
73	5564.6
106	5565.8
161	5565.8
178	5566.400000000001
189	5566.6
56	5569.5
222	5569.6
321	5569.6
266	5570.1
123	5570.5
23	5570.8
12	5571.5
261	5583.4
316	5583.5
327	5583.5
250	5584.2
228	5584.700000000001
305	5585.0
294	5585.7
7	5587.3
217	5587.3
84	5587.6
117	5587.900000000001
194	5588.8
128	5589.2
95	5590.6
183	5591.3
1	5593.500000000001
37	5600.2
193	5605.700000000001
12	5615.200000000001
34	5615.7
45	5616.0
56	5616.700000000001
89	5616.900000000001
78	5617.4
116	5626.2
149	5626.3
54	5626.5
80	5626.6
36	5630.2
18	5632.400000000001
106	5637.599999999999
23	5638.4
321	5638.6
1	5639.0
67	5641.3
7	5656.7
183	5662.1
12	5665.200000000001
204	5671.700000000001
280	5672.900000000001
327	5679.200000000001
34	5685.8
1	5686.0
45	5687.0
65	5692.5
182	5696.7
226	5697.200000000001
116	5698.9
84	5704.5
18	5705.3
29	5705.4
7	5705.500000000001
51	5706.400000000001
115	5717.5
269	5718.4
237	5718.8
236	5719.2
104	5719.3
126	5719.400000000001
225	5719.700000000001
49	5719.9
127	5719.9
82	5721.200000000001
93	5721.4
193	5741.900000000001
204	5741.900000000001
137	5742.6
27	5742.900000000001
60	5743.3
159	5744.000000000001
171	5744.1
215	5744.1
280	5745.900000000001
292	5745.900000000001
87	5765.8
201	5772.4
300	5772.9
216	5781.900000000001
193	5789.7
228	5793.0
223	5793.099999999999
234	5793.3
179	5793.7
212	5794.599999999999
135	5795.900000000001
245	5798.200000000001
157	5798.8
247	5811.1
149	5812.0
160	5812.400000000001
182	5813.3
146	5815.700000000001
256	5815.700000000001
289	5815.700000000001
168	5816.2
190	5816.3
171	5817.0
173	5817.0
25	5817.200000000001
278	5818.0
113	5818.9
280	5835.3
179	5838.500000000001
201	5838.500000000001
36	5838.7
102	5838.8
223	5839.2
135	5839.400000000001
124	5840.1
212	5840.6
157	5841.3
80	5841.5
292	5859.500000000001
190	5862.7
25	5863.400000000001
91	5864.6
168	5868.0
218	5892.9
3	5910.200000000001
102	5912.3
157	5935.8
67	5941.5
175	5943.700000000001
223	5955.200000000001
300	5955.3
201	5955.900000000001
190	5956.400000000001
179	5956.599999999999
135	5956.700000000001
146	5956.8
168	5956.8
212	5956.8
78	5966.099999999999
12	5967.1
289	5975.8
278	5977.2
34	5986.5
1	5990.4
23	5990.5
70	6114.6
15	6521.7
89	6661.8
122	6729.3
67	6729.900000000001
89	6730.1
111	6730.400000000001
45	6730.700000000001
12	6730.8
78	6731.1
155	6734.4
1	6754.0
144	6756.200000000001
67	6780.200000000001
35	6887.400000000001
53	6896.400000000001
227	6909.2
73	6914.0
29	6934.500000000001
51	6935.599999999999
84	6935.599999999999
46	6936.0
62	6936.2
40	6936.900000000001
7	6982.6
73	6982.6
18	6982.8
274	6990.6
254	7065.0
35	7101.900000000001
276	7134.6
35	7223.900000000001
72	7238.3
17	7308.3
83	7333.8
72	7334.1
6	7335.2
61	7337.000000000001
94	7359.1
111	7425.7
1	7427.0
12	7427.400000000001
83	7433.5
24	7435.400000000001
265	7448.8
276	7449.6
35	7459.2
221	7471.7
155	7471.8
232	7473.3
326	7524.500000000001
226	7526.7
125	7545.2
276	7546.099999999999
274	7563.6
241	7563.700000000001
50	7597.5
241	7614.1
326	7620.200000000001
155	7624.9
318	7636.900000000001
252	7637.5
230	7638.900000000001
116	7644.900000000001
13	7673.900000000001
197	7683.5
285	7687.0
2	7722.5
1	7738.3
300	7747.5
241	7757.8
50	7759.3
61	7759.3
12	7760.1
149	7760.5
116	7761.200000000001
160	7761.7
171	7763.400000000001
13	7770.2
23	7781.400000000001
34	7782.8
111	7782.900000000001
56	7783.6
193	7786.3
83	7787.5
232	7804.9
1	7805.6
12	7806.1
67	7806.500000000001
89	7807.5
197	7828.5
230	7829.1
254	7830.0
122	7831.1
45	7831.700000000001
78	7831.700000000001
265	7832.000000000001
144	7832.1
12	7853.3
67	7854.1
34	7854.4
56	7854.6
89	7856.900000000001
133	7857.4
23	7877.5
1	7878.0
111	7878.0
171	7880.000000000001
45	7901.6
12	7901.900000000001
144	7903.2
149	7905.099999999999
23	7924.400000000001
89	7927.1
304	7949.3
232	7949.8
254	7976.0
276	8000.6
125	8141.6
92	8142.100000000001
270	8163.8
281	8164.100000000001
48	8187.599999999999
92	8187.7
136	8187.7
70	8188.0
103	8188.2
59	8188.3
147	8188.500000000001
125	8214.199999999999
92	8235.1
48	8236.6
70	8236.800000000001
122	8329.9
313	8334.8
103	8355.0
48	8383.3
209	8429.199999999999
280	8430.4
236	8452.9
247	8455.300000000001
225	8477.5
324	8477.6
269	8477.9
280	8480.1
197	8539.1
48	8550.3
208	8563.800000000001
230	8587.0
280	8644.400000000001
269	8646.5
313	8647.400000000001
209	8669.9
208	8802.2
241	8806.5
142	8825.4
197	8825.4
120	8826.3
197	8872.8
208	8874.1
175	8921.5
197	8922.4
233	8965.099999999999
11	9027.7
209	9028.7
198	9049.000000000002
242	9049.2
187	9049.5
220	9051.199999999999
231	9051.199999999999
154	9051.8
195	9090.5
209	9097.300000000001
231	9098.5
165	9123.2
198	9123.7
187	9125.0
131	9445.6
241	9589.400000000001
318	9589.400000000001
307	9591.0
87	9607.6
197	9611.3
142	9632.900000000001
153	9634.3
120	9635.1
241	9658.4
186	9659.1
208	9659.1
230	9659.9
197	9682.1
252	9682.6
219	9683.8
164	9684.0
208	9706.000000000002
241	9706.300000000001
285	9706.800000000001
230	9706.900000000001
274	9708.400000000001
131	9711.3
252	9729.599999999999
318	9731.099999999999
263	9732.1
296	9733.2
230	9756.0
197	9756.5
241	9758.2
285	9782.2
208	9804.199999999999
252	9804.6
241	9828.2
274	9828.5
